flares_data/data/distribution_functions/HI6563.ecsv
# %ECSV 1.0
# ---
# datatype:
# - {name: z, datatype: float64}
# - {name: log10L, unit: dex(erg / s), datatype: float64, description: 'log_{10}(L_{ HI6563 }/erg\ s^{-1}'}
# - {name: N, datatype: int64}
# - {name: log10phi, unit: dex(1 / (dex Mpc3)), datatype: float64, description: 'log_{10}(\phi/Mpc^{-3}\ dex^{-1})'}
# meta: !!omap
# - {name: FLARES}
# - references: []
# - lines: [HI6563]
# schema: astropy-2.0
z log10L N log10phi
10.0 42.15 92 -3.76
10.0 42.25 65 -3.96
10.0 42.35 56 -4.51
10.0 42.45 35 -4.77
10.0 42.55 27 -5.17
10.0 42.65 26 -4.7
10.0 42.75 16 -4.75
10.0 42.85 9 -4.44
10.0 42.95 7 -5.65
10.0 43.05 3 -6.45
10.0 43.15 1 -6.71
9.0 42.05 255 -3.32
9.0 42.15 156 -3.62
9.0 42.25 117 -3.77
9.0 42.35 85 -3.83
9.0 42.45 78 -4.22
9.0 42.55 59 -4.26
9.0 42.65 41 -4.82
9.0 42.75 42 -4.63
9.0 42.85 22 -4.62
9.0 42.95 10 -5.78
9.0 43.05 5 -5.7
9.0 43.15 4 -5.5
9.0 43.25 3 -6.24
8.0 42.05 394 -3.25
8.0 42.15 248 -3.49
8.0 42.25 199 -3.62
8.0 42.35 170 -3.75
8.0 42.45 131 -3.81
8.0 42.55 121 -3.82
8.0 42.65 92 -4.13
8.0 42.75 63 -4.13
8.0 42.85 42 -4.45
8.0 42.95 25 -4.74
8.0 43.05 28 -5.08
8.0 43.15 9 -5.64
8.0 43.25 7 -5.86
7.0 41.95 935 -2.67
7.0 42.05 655 -2.93
7.0 42.15 486 -3.12
7.0 42.25 372 -3.22
7.0 42.35 288 -3.41
7.0 42.45 278 -3.54
7.0 42.55 215 -3.59
7.0 42.65 159 -3.72
7.0 42.75 105 -3.99
7.0 42.85 94 -4.07
7.0 42.95 40 -5.18
7.0 43.05 35 -4.49
7.0 43.15 17 -5.45
7.0 43.25 13 -5.71
7.0 43.35 8 -5.61
7.0 43.45 0 -inf
6.0 41.85 1834 -2.37
6.0 41.95 1306 -2.55
6.0 42.05 1004 -2.68
6.0 42.15 753 -2.88
6.0 42.25 626 -3.11
6.0 42.35 519 -3.15
6.0 42.45 437 -3.28
6.0 42.55 333 -3.37
6.0 42.65 302 -3.44
6.0 42.75 211 -3.6
6.0 42.85 152 -3.79
6.0 42.95 95 -4.16
6.0 43.05 65 -4.57
6.0 43.15 31 -4.84
6.0 43.25 17 -5.4
6.0 43.35 13 -4.76
6.0 43.45 2 -6.8
5.0 41.75 3253 -2.12
5.0 41.85 2501 -2.25
5.0 41.95 1963 -2.38
5.0 42.05 1553 -2.5
5.0 42.15 1245 -2.58
5.0 42.25 1110 -2.76
5.0 42.35 927 -2.77
5.0 42.45 713 -2.94
5.0 42.55 578 -3.03
5.0 42.65 434 -3.32
5.0 42.75 328 -3.36
5.0 42.85 216 -3.74
5.0 42.95 147 -3.72
5.0 43.05 70 -4.08
5.0 43.15 60 -4.7
5.0 43.25 26 -5.17
5.0 43.35 16 -5.68
5.0 43.45 6 -6.19
5.0 43.55 6 -5.04
5.0 43.65 2 -6.43
5.0 43.75 1 -6.49
