flares_data/data/distribution_functions/HI6563_intrinsic.ecsv
# %ECSV 1.0
# ---
# datatype:
# - {name: z, datatype: float64}
# - {name: log10L, unit: dex(erg / s), datatype: float64, description: 'log_{10}(L_{ HI6563 }/erg\ s^{-1}'}
# - {name: N, datatype: int64}
# - {name: log10phi, unit: dex(1 / (dex Mpc3)), datatype: float64, description: 'log_{10}(\phi/Mpc^{-3}\ dex^{-1})'}
# meta: !!omap
# - {name: FLARES}
# - references: []
# - lines: [HI6563]
# schema: astropy-2.0
z log10L N log10phi
10.0 42.15 109 -3.5
10.0 42.25 66 -4.03
10.0 42.35 63 -4.36
10.0 42.45 37 -4.7
10.0 42.55 24 -4.55
10.0 42.65 32 -4.77
10.0 42.75 27 -4.95
10.0 42.85 14 -4.67
10.0 42.95 21 -4.7
10.0 43.05 10 -5.04
10.0 43.15 7 -4.73
10.0 43.25 3 -5.82
10.0 43.35 2 -6.52
10.0 43.45 0 -inf
9.0 42.15 159 -3.59
9.0 42.25 115 -3.93
9.0 42.35 88 -3.78
9.0 42.45 72 -3.99
9.0 42.55 80 -4.17
9.0 42.65 51 -4.65
9.0 42.75 35 -4.27
9.0 42.85 44 -4.33
9.0 42.95 42 -4.81
9.0 43.05 22 -4.62
9.0 43.15 9 -5.03
9.0 43.25 4 -5.5
9.0 43.35 4 -5.76
9.0 43.45 5 -6.18
8.0 42.05 434 -3.16
8.0 42.15 284 -3.39
8.0 42.25 202 -3.59
8.0 42.35 151 -3.71
8.0 42.45 131 -3.98
8.0 42.55 111 -3.88
8.0 42.65 107 -3.82
8.0 42.75 98 -3.77
8.0 42.85 77 -4.26
8.0 42.95 64 -4.25
8.0 43.05 41 -4.61
8.0 43.15 25 -4.84
8.0 43.25 36 -4.75
8.0 43.35 12 -5.71
8.0 43.45 12 -5.51
8.0 43.55 4 -6.14
8.0 43.65 2 -6.27
7.0 41.95 999 -2.67
7.0 42.05 686 -2.86
7.0 42.15 518 -3.02
7.0 42.25 358 -3.29
7.0 42.35 279 -3.31
7.0 42.45 237 -3.53
7.0 42.55 220 -3.68
7.0 42.65 205 -3.64
7.0 42.75 160 -3.63
7.0 42.85 137 -3.91
7.0 42.95 119 -3.92
7.0 43.05 104 -3.96
7.0 43.15 60 -4.4
7.0 43.25 44 -4.45
7.0 43.35 25 -5.12
7.0 43.45 19 -5.36
7.0 43.55 10 -4.99
7.0 43.65 7 -5.96
6.0 41.85 2023 -2.32
6.0 41.95 1404 -2.52
6.0 42.05 1044 -2.63
6.0 42.15 816 -2.79
6.0 42.25 599 -3.01
6.0 42.35 475 -3.22
6.0 42.45 411 -3.21
6.0 42.55 340 -3.29
6.0 42.65 309 -3.52
6.0 42.75 333 -3.39
6.0 42.85 257 -3.48
6.0 42.95 233 -3.57
6.0 43.05 175 -3.65
6.0 43.15 124 -3.78
6.0 43.25 88 -4.44
6.0 43.35 56 -4.5
6.0 43.45 31 -5.19
6.0 43.55 15 -5.5
6.0 43.65 10 -5.63
6.0 43.75 2 -4.8
6.0 43.85 2 -6.43
6.0 43.95 1 -7.28
5.0 41.85 2618 -2.22
5.0 41.95 2123 -2.33
5.0 42.05 1650 -2.46
5.0 42.15 1242 -2.58
5.0 42.25 1042 -2.68
5.0 42.35 884 -2.79
5.0 42.45 709 -2.94
5.0 42.55 652 -2.98
5.0 42.65 571 -3.0
5.0 42.75 537 -3.11
5.0 42.85 472 -3.19
5.0 42.95 356 -3.35
5.0 43.05 293 -3.41
5.0 43.15 204 -3.73
5.0 43.25 145 -4.03
5.0 43.35 60 -4.31
5.0 43.45 53 -4.28
5.0 43.55 22 -5.22
5.0 43.65 10 -5.02
5.0 43.75 11 -5.0
5.0 43.85 2 -7.22
5.0 43.95 1 -6.49
