flares_data/data/distribution_functions/log10LFUV_intrinsic.ecsv
# %ECSV 1.0
# ---
# datatype:
# - {name: z, datatype: float64}
# - {name: log10L, unit: dex(erg / (Hz s)), datatype: float64, description: 'log_{10}(L_{ FUV }/erg\ s^{-1}\ Hz^{-1}'}
# - {name: N, datatype: int64}
# - {name: log10phi, unit: dex(1 / (dex Mpc3)), datatype: float64, description: 'log_{10}(\phi/Mpc^{-3}\ dex^{-1})'}
# meta: !!omap
# - {name: FLARES}
# - references: []
# schema: astropy-2.0
z log10L N log10phi
10.0 28.55 94 -3.92
10.0 28.65 64 -4.14
10.0 28.75 46 -4.22
10.0 28.85 41 -4.35
10.0 28.95 35 -4.55
10.0 29.05 26 -4.72
10.0 29.15 28 -4.79
10.0 29.25 26 -5.05
10.0 29.35 15 -4.37
10.0 29.45 20 -5.29
10.0 29.55 12 -4.89
10.0 29.65 11 -5.76
10.0 29.75 10 -4.72
10.0 29.85 7 -5.07
10.0 29.95 2 -5.84
10.0 30.05 3 -5.83
10.0 30.15 0 -inf
10.0 30.25 1 -6.92
10.0 30.35 0 -inf
10.0 30.45 0 -inf
10.0 30.55 0 -inf
9.0 28.45 250 -3.45
9.0 28.55 154 -3.63
9.0 28.65 111 -3.87
9.0 28.75 82 -4.04
9.0 28.85 74 -3.97
9.0 28.95 69 -4.17
9.0 29.05 52 -4.25
9.0 29.15 49 -4.22
9.0 29.25 34 -4.4
9.0 29.35 42 -4.93
9.0 29.45 25 -4.69
9.0 29.55 39 -4.62
9.0 29.65 24 -4.57
9.0 29.75 20 -4.38
9.0 29.85 15 -5.16
9.0 29.95 7 -5.06
9.0 30.05 3 -5.89
9.0 30.15 3 -6.3
9.0 30.25 4 -6.3
9.0 30.35 3 -6.25
9.0 30.45 0 -inf
9.0 30.55 1 -6.88
8.0 28.45 443 -3.13
8.0 28.55 312 -3.35
8.0 28.65 198 -3.53
8.0 28.75 173 -3.52
8.0 28.85 118 -3.86
8.0 28.95 113 -3.95
8.0 29.05 88 -4.38
8.0 29.15 88 -3.83
8.0 29.25 88 -4.01
8.0 29.35 61 -4.05
8.0 29.45 59 -3.94
8.0 29.55 61 -4.15
8.0 29.65 55 -4.38
8.0 29.75 44 -4.59
8.0 29.85 31 -5.05
8.0 29.95 22 -5.18
8.0 30.05 19 -5.4
8.0 30.15 12 -5.69
8.0 30.25 8 -5.34
8.0 30.35 7 -5.8
8.0 30.45 5 -5.08
8.0 30.55 1 -6.98
7.0 28.35 968 -2.8
7.0 28.45 737 -2.85
7.0 28.55 576 -3.08
7.0 28.65 429 -3.08
7.0 28.75 360 -3.17
7.0 28.85 204 -3.5
7.0 28.95 184 -3.59
7.0 29.05 171 -3.93
7.0 29.15 154 -3.77
7.0 29.25 133 -3.81
7.0 29.35 115 -3.81
7.0 29.45 115 -3.91
7.0 29.55 111 -3.78
7.0 29.65 106 -3.96
7.0 29.75 92 -4.0
7.0 29.85 86 -4.18
7.0 29.95 57 -4.31
7.0 30.05 28 -5.01
7.0 30.15 25 -5.0
7.0 30.25 28 -4.8
7.0 30.35 16 -4.99
7.0 30.45 11 -5.62
7.0 30.55 5 -6.03
6.0 28.25 1999 -2.38
6.0 28.35 1463 -2.54
6.0 28.45 1235 -2.58
6.0 28.55 957 -2.77
6.0 28.65 808 -2.8
6.0 28.75 541 -3.09
6.0 28.85 464 -3.16
6.0 28.95 363 -3.21
6.0 29.05 254 -3.44
6.0 29.15 204 -3.55
6.0 29.25 227 -3.64
6.0 29.35 231 -3.47
6.0 29.45 227 -3.47
6.0 29.55 226 -3.61
6.0 29.65 215 -3.63
6.0 29.75 163 -3.76
6.0 29.85 151 -3.88
6.0 29.95 126 -3.83
6.0 30.05 96 -3.99
6.0 30.15 54 -4.47
6.0 30.25 46 -4.45
6.0 30.35 32 -4.75
6.0 30.45 16 -5.54
6.0 30.55 5 -6.18
6.0 30.65 5 -5.68
6.0 30.75 4 -4.8
5.0 28.25 2735 -2.16
5.0 28.35 2248 -2.3
5.0 28.45 1838 -2.43
5.0 28.55 1604 -2.44
5.0 28.65 1271 -2.56
5.0 28.75 1023 -2.72
5.0 28.85 862 -2.84
5.0 28.95 662 -2.88
5.0 29.05 521 -3.08
5.0 29.15 386 -3.24
5.0 29.25 342 -3.29
5.0 29.35 357 -3.15
5.0 29.45 384 -3.23
5.0 29.55 394 -3.29
5.0 29.65 377 -3.32
5.0 29.75 334 -3.31
5.0 29.85 290 -3.43
5.0 29.95 237 -3.74
5.0 30.05 162 -3.83
5.0 30.15 114 -4.03
5.0 30.25 82 -4.05
5.0 30.35 67 -4.7
5.0 30.45 25 -4.39
5.0 30.55 19 -4.57
5.0 30.65 4 -6.18
5.0 30.75 4 -6.14
5.0 30.85 4 -6.41
5.0 30.95 0 -inf
