flares_data/data/distribution_functions/log10LFUV_intrinsic.ecsv
# %ECSV 1.0
# ---
# datatype:
# - {name: z, datatype: float64}
# - {name: log10L, unit: dex(erg / (Hz s)), datatype: float64, description: 'log_{10}(L_{ FUV }/erg\ s^{-1}\ Hz^{-1}'}
# - {name: N, datatype: int64}
# - {name: log10phi, unit: dex(1 / (dex Mpc3)), datatype: float64, description: 'log_{10}(\phi/Mpc^{-3}\ dex^{-1})'}
# meta: !!omap
# - {name: FLARES}
# - references: []
# schema: astropy-2.0
z log10L N log10phi
15.0 28.8 2 -6.83
14.0 28.8 12 -5.63
14.0 29.0 2 -7.07
14.0 29.2 2 -6.95
13.0 28.8 22 -5.27
13.0 29.0 10 -5.23
13.0 29.2 7 -6.27
13.0 29.4 2 -6.93
13.0 29.6 2 -6.9
12.0 28.7 54 -4.47
12.0 28.9 28 -5.41
12.0 29.1 12 -5.23
12.0 29.3 15 -5.26
12.0 29.5 5 -6.66
12.0 29.7 2 -6.74
11.0 28.6 78 -4.41
11.0 28.8 58 -4.69
11.0 29.0 44 -4.87
11.0 29.2 21 -4.93
11.0 29.4 20 -4.97
11.0 29.6 12 -5.85
11.0 29.8 3 -6.69
11.0 30.0 2 -6.16
10.0 28.6 158 -4.02
10.0 28.8 87 -4.28
10.0 29.0 61 -4.62
10.0 29.2 54 -4.9
10.0 29.4 35 -4.62
10.0 29.6 23 -5.14
10.0 29.8 17 -4.86
10.0 30.0 5 -5.84
9.0 28.5 404 -3.53
9.0 28.7 193 -3.95
9.0 28.9 143 -4.05
9.0 29.1 101 -4.23
9.0 29.3 76 -4.59
9.0 29.5 64 -4.65
9.0 29.7 44 -4.47
9.0 29.9 22 -5.11
9.0 30.1 6 -6.05
9.0 30.3 7 -6.27
8.0 28.5 755 -3.23
8.0 28.7 371 -3.53
8.0 28.9 231 -3.91
8.0 29.1 176 -4.03
8.0 29.3 149 -4.03
8.0 29.5 120 -4.04
8.0 29.7 99 -4.47
8.0 29.9 53 -5.11
8.0 30.1 31 -5.52
8.0 30.3 15 -5.51
8.0 30.5 6 -5.38
7.0 28.4 1705 -2.82
7.0 28.6 1005 -3.08
7.0 28.8 564 -3.31
7.0 29.0 355 -3.72
7.0 29.2 287 -3.79
7.0 29.4 230 -3.86
7.0 29.6 217 -3.86
7.0 29.8 178 -4.08
7.0 30.0 85 -4.54
7.0 30.2 53 -4.89
7.0 30.4 27 -5.2
6.0 28.3 3462 -2.45
6.0 28.5 2192 -2.66
6.0 28.7 1349 -2.92
6.0 28.9 827 -3.19
6.0 29.1 458 -3.49
6.0 29.3 458 -3.54
6.0 29.5 453 -3.53
6.0 29.7 378 -3.69
6.0 29.9 277 -3.86
6.0 30.1 150 -4.16
6.0 30.3 78 -4.58
6.0 30.5 21 -5.75
6.0 30.7 9 -5.05
5.0 28.3 4983 -2.23
5.0 28.5 3442 -2.43
5.0 28.7 2294 -2.63
5.0 28.9 1524 -2.86
5.0 29.1 907 -3.15
5.0 29.3 699 -3.22
5.0 29.5 778 -3.26
5.0 29.7 711 -3.32
5.0 29.9 527 -3.55
5.0 30.1 276 -3.92
5.0 30.3 149 -4.26
5.0 30.5 44 -4.47
5.0 30.7 8 -6.16
5.0 30.9 4 -6.71
