flares_data/data/distribution_functions/log10LFUV-mass_limit:7.0.ecsv
# %ECSV 1.0
# ---
# datatype:
# - {name: z, datatype: float64}
# - {name: log10L, unit: dex(erg / (Hz s)), datatype: float64, description: 'log_{10}(L_{ FUV }/erg\ s^{-1}\ Hz^{-1}'}
# - {name: N, datatype: int64}
# - {name: log10phi, unit: dex(1 / (dex Mpc3)), datatype: float64, description: 'log_{10}(\phi/Mpc^{-3}\ dex^{-1})'}
# meta: !!omap
# - {name: FLARES}
# - references: []
# schema: astropy-2.0
z log10L N log10phi
15.0 28.2 46 -4.67
15.0 28.4 20 -5.07
14.0 28.1 195 -3.97
14.0 28.3 75 -4.61
14.0 28.5 21 -4.92
14.0 28.7 4 -6.54
14.0 28.9 3 -6.83
13.0 28.1 430 -3.46
13.0 28.3 131 -4.07
13.0 28.5 39 -4.66
13.0 28.7 16 -5.3
13.0 28.9 5 -6.57
12.0 28.1 663 -3.19
12.0 28.3 192 -3.84
12.0 28.5 69 -4.79
12.0 28.7 33 -4.75
12.0 28.9 10 -5.34
11.0 28.0 1483 -2.92
11.0 28.2 513 -3.29
11.0 28.4 152 -4.07
11.0 28.6 74 -4.6
11.0 28.8 43 -4.88
11.0 29.0 20 -5.14
11.0 29.2 6 -6.04
10.0 28.0 2023 -2.67
10.0 28.2 693 -3.19
10.0 28.4 260 -3.65
10.0 28.6 131 -4.33
10.0 28.8 78 -4.56
10.0 29.0 52 -4.64
10.0 29.2 19 -4.82
10.0 29.4 3 -6.68
9.0 27.9 3992 -2.33
9.0 28.1 1802 -2.74
9.0 28.3 661 -3.24
9.0 28.5 305 -3.68
9.0 28.7 193 -3.95
9.0 28.9 136 -4.13
9.0 29.1 74 -4.56
9.0 29.3 21 -5.15
9.0 29.5 6 -6.24
8.0 27.9 5273 -2.22
8.0 28.1 2487 -2.59
8.0 28.3 1133 -3.05
8.0 28.5 532 -3.38
8.0 28.7 380 -3.78
8.0 28.9 261 -3.78
8.0 29.1 123 -4.17
8.0 29.3 63 -4.65
8.0 29.5 29 -5.56
7.0 27.8 8857 -1.92
7.0 28.0 5031 -2.25
7.0 28.2 2361 -2.66
7.0 28.4 1382 -2.92
7.0 28.6 856 -3.13
7.0 28.8 599 -3.46
7.0 29.0 378 -3.66
7.0 29.2 205 -4.13
7.0 29.4 70 -4.68
7.0 29.6 31 -4.98
7.0 29.8 13 -5.78
6.0 27.7 13128 -1.73
6.0 27.9 8248 -1.96
6.0 28.1 4727 -2.29
6.0 28.3 2768 -2.55
6.0 28.5 1798 -2.79
6.0 28.7 1228 -3.05
6.0 28.9 889 -3.25
6.0 29.1 537 -3.48
6.0 29.3 267 -3.94
6.0 29.5 116 -4.58
6.0 29.7 34 -5.42
6.0 29.9 14 -5.04
5.0 27.6 17702 -1.58
5.0 27.8 12141 -1.76
5.0 28.0 7696 -2.01
5.0 28.2 4996 -2.24
5.0 28.4 3444 -2.44
5.0 28.6 2475 -2.61
5.0 28.8 1907 -2.8
5.0 29.0 1207 -3.06
5.0 29.2 651 -3.51
5.0 29.4 305 -3.87
5.0 29.6 128 -4.25
5.0 29.8 33 -5.52
5.0 30.0 21 -5.29
5.0 30.2 5 -6.21
