flares_data/data/distribution_functions/log10LFUV_intrinsic-mass_limit:7.0.ecsv
# %ECSV 1.0
# ---
# datatype:
# - {name: z, datatype: float64}
# - {name: log10L, unit: dex(erg / (Hz s)), datatype: float64, description: 'log_{10}(L_{ FUV }/erg\ s^{-1}\ Hz^{-1}'}
# - {name: N, datatype: int64}
# - {name: log10phi, unit: dex(1 / (dex Mpc3)), datatype: float64, description: 'log_{10}(\phi/Mpc^{-3}\ dex^{-1})'}
# meta: !!omap
# - {name: FLARES}
# - references: []
# schema: astropy-2.0
z log10L N log10phi
15.0 28.2 77 -4.34
15.0 28.4 18 -4.88
15.0 28.6 15 -5.28
15.0 28.8 2 -6.83
14.0 28.2 180 -3.96
14.0 28.4 65 -4.58
14.0 28.6 22 -4.96
14.0 28.8 12 -5.63
14.0 29.0 2 -7.07
14.0 29.2 2 -6.95
13.0 28.2 392 -3.49
13.0 28.4 124 -3.99
13.0 28.6 37 -4.58
13.0 28.8 22 -5.27
13.0 29.0 10 -5.23
13.0 29.2 7 -6.27
13.0 29.4 2 -6.93
13.0 29.6 2 -6.9
12.0 28.1 999 -3.03
12.0 28.3 324 -3.51
12.0 28.5 100 -4.33
12.0 28.7 54 -4.47
12.0 28.9 28 -5.41
12.0 29.1 12 -5.23
12.0 29.3 15 -5.26
12.0 29.5 5 -6.66
12.0 29.7 2 -6.74
11.0 28.1 1377 -2.9
11.0 28.3 459 -3.4
11.0 28.5 143 -4.0
11.0 28.7 61 -4.64
11.0 28.9 50 -4.84
11.0 29.1 33 -4.9
11.0 29.3 18 -4.8
11.0 29.5 16 -5.32
11.0 29.7 7 -6.02
11.0 29.9 2 -6.16
10.0 28.1 1893 -2.69
10.0 28.3 610 -3.26
10.0 28.5 231 -3.7
10.0 28.7 110 -4.18
10.0 28.9 76 -4.44
10.0 29.1 54 -4.76
10.0 29.3 41 -4.59
10.0 29.5 32 -5.05
10.0 29.7 21 -4.98
10.0 29.9 9 -5.3
10.0 30.1 3 -6.13
9.0 28.0 3871 -2.34
9.0 28.2 1621 -2.8
9.0 28.4 608 -3.26
9.0 28.6 265 -3.73
9.0 28.8 156 -4.0
9.0 29.0 121 -4.2
9.0 29.2 83 -4.3
9.0 29.4 67 -4.79
9.0 29.6 63 -4.6
9.0 29.8 35 -4.62
9.0 30.0 10 -5.3
9.0 30.2 7 -6.3
9.0 30.4 3 -6.55
8.0 28.0 5090 -2.22
8.0 28.2 2277 -2.64
8.0 28.4 1048 -3.09
8.0 28.6 510 -3.43
8.0 28.8 291 -3.66
8.0 29.0 201 -4.11
8.0 29.2 176 -3.91
8.0 29.4 120 -3.99
8.0 29.6 116 -4.25
8.0 29.8 75 -4.76
8.0 30.0 41 -5.28
8.0 30.2 20 -5.48
8.0 30.4 12 -5.31
7.0 27.9 8534 -1.95
7.0 28.1 4688 -2.28
7.0 28.3 2278 -2.68
7.0 28.5 1313 -2.95
7.0 28.7 789 -3.12
7.0 28.9 388 -3.54
7.0 29.1 325 -3.84
7.0 29.3 248 -3.81
7.0 29.5 226 -3.84
7.0 29.7 198 -3.98
7.0 29.9 143 -4.24
7.0 30.1 53 -5.0
7.0 30.3 44 -4.89
7.0 30.5 16 -5.78
6.0 27.8 12482 -1.75
6.0 28.0 8021 -1.98
6.0 28.2 4559 -2.3
6.0 28.4 2698 -2.56
6.0 28.6 1765 -2.78
6.0 28.8 1005 -3.13
6.0 29.0 617 -3.31
6.0 29.2 431 -3.59
6.0 29.4 458 -3.47
6.0 29.6 441 -3.62
6.0 29.8 314 -3.82
6.0 30.0 222 -3.9
6.0 30.2 100 -4.46
6.0 30.4 48 -4.99
6.0 30.6 10 -5.86
5.0 27.7 18113 -1.56
5.0 27.9 11879 -1.78
5.0 28.1 7668 -2.0
5.0 28.3 4983 -2.23
5.0 28.5 3442 -2.43
5.0 28.7 2294 -2.63
5.0 28.9 1524 -2.86
5.0 29.1 907 -3.15
5.0 29.3 699 -3.22
5.0 29.5 778 -3.26
5.0 29.7 711 -3.32
5.0 29.9 527 -3.55
5.0 30.1 276 -3.92
5.0 30.3 149 -4.26
5.0 30.5 44 -4.47
5.0 30.7 8 -6.16
