flares_data/data/distribution_functions/log10Mstar.ecsv
# %ECSV 1.0
# ---
# datatype:
# - {name: z, datatype: float64}
# - {name: log10Mstar, unit: dex(Msol), datatype: float64, description: 'log_{10}(M_{\star}/M_{\odot})'}
# - {name: N, datatype: int64}
# - {name: log10phi, unit: dex(1 / (dex Mpc3)), datatype: float64, description: 'log_{10}(\phi/Mpc^{-3}\ dex^{-1})'}
# meta: !!omap
# - {name: FLARES}
# - references: []
# schema: astropy-2.0
z log10Mstar N log10phi
10.0 8.05 250 -3.39
10.0 8.15 193 -3.55
10.0 8.25 110 -4.08
10.0 8.35 64 -3.99
10.0 8.45 47 -4.3
10.0 8.55 49 -4.49
10.0 8.65 28 -4.48
10.0 8.75 21 -4.69
10.0 8.85 32 -4.49
10.0 8.95 24 -5.3
10.0 9.05 17 -4.65
10.0 9.15 13 -5.63
10.0 9.25 13 -5.28
10.0 9.35 8 -4.57
10.0 9.45 10 -5.85
10.0 9.55 4 -5.1
10.0 9.65 4 -5.81
10.0 9.75 1 -6.74
10.0 9.85 0 -inf
10.0 9.95 0 -inf
10.0 10.05 1 -5.9
10.0 10.15 1 -6.92
10.0 10.25 1 -6.92
10.0 10.35 0 -inf
10.0 10.45 0 -inf
10.0 10.55 0 -inf
10.0 10.65 0 -inf
10.0 10.75 0 -inf
10.0 10.85 0 -inf
10.0 10.95 0 -inf
10.0 11.05 0 -inf
10.0 11.15 0 -inf
10.0 11.25 0 -inf
10.0 11.35 0 -inf
9.0 8.05 535 -3.04
9.0 8.15 405 -3.13
9.0 8.25 282 -3.39
9.0 8.35 175 -3.59
9.0 8.45 151 -3.72
9.0 8.55 86 -4.01
9.0 8.65 70 -4.05
9.0 8.75 51 -4.3
9.0 8.85 42 -4.47
9.0 8.95 31 -4.41
9.0 9.05 52 -4.48
9.0 9.15 26 -4.91
9.0 9.25 31 -4.39
9.0 9.35 24 -4.63
9.0 9.45 19 -5.1
9.0 9.55 17 -4.86
9.0 9.65 6 -4.73
9.0 9.75 8 -5.93
9.0 9.85 7 -5.08
9.0 9.95 2 -5.86
9.0 10.05 3 -6.32
9.0 10.15 3 -5.82
9.0 10.25 1 -6.92
9.0 10.35 0 -inf
9.0 10.45 0 -inf
9.0 10.55 1 -6.92
9.0 10.65 0 -inf
9.0 10.75 0 -inf
9.0 10.85 0 -inf
9.0 10.95 0 -inf
9.0 11.05 0 -inf
9.0 11.15 0 -inf
9.0 11.25 0 -inf
9.0 11.35 0 -inf
8.0 8.05 1048 -2.73
8.0 8.15 832 -2.96
8.0 8.25 638 -2.97
8.0 8.35 453 -3.07
8.0 8.45 339 -3.24
8.0 8.55 247 -3.36
8.0 8.65 160 -3.88
8.0 8.75 107 -3.92
8.0 8.85 102 -3.91
8.0 8.95 84 -4.01
8.0 9.05 56 -4.06
8.0 9.15 62 -4.07
8.0 9.25 63 -4.05
8.0 9.35 53 -4.43
8.0 9.45 46 -4.68
8.0 9.55 37 -4.29
8.0 9.65 31 -4.86
8.0 9.75 31 -4.79
8.0 9.85 20 -4.68
8.0 9.95 15 -5.3
8.0 10.05 10 -5.95
8.0 10.15 2 -5.8
8.0 10.25 5 -5.71
8.0 10.35 4 -6.22
8.0 10.45 3 -5.11
8.0 10.55 0 -inf
8.0 10.65 1 -6.92
8.0 10.75 0 -inf
8.0 10.85 0 -inf
8.0 10.95 0 -inf
8.0 11.05 0 -inf
8.0 11.15 0 -inf
8.0 11.25 0 -inf
8.0 11.35 0 -inf
7.0 8.05 2086 -2.33
7.0 8.15 1600 -2.52
7.0 8.25 1205 -2.7
7.0 8.35 949 -2.81
7.0 8.45 748 -2.92
7.0 8.55 602 -3.0
7.0 8.65 421 -3.05
7.0 8.75 327 -3.22
7.0 8.85 226 -3.58
7.0 8.95 171 -3.8
7.0 9.05 149 -3.84
7.0 9.15 107 -4.12
7.0 9.25 105 -3.71
7.0 9.35 107 -3.99
7.0 9.45 101 -4.02
7.0 9.55 90 -4.02
7.0 9.65 84 -3.9
7.0 9.75 66 -4.11
7.0 9.85 52 -4.5
7.0 9.95 37 -4.42
7.0 10.05 32 -5.05
7.0 10.15 26 -5.15
7.0 10.25 23 -5.16
7.0 10.35 9 -5.79
7.0 10.45 10 -5.38
7.0 10.55 6 -5.07
7.0 10.65 4 -6.24
7.0 10.75 0 -inf
7.0 10.85 1 -6.92
7.0 10.95 0 -inf
7.0 11.05 0 -inf
7.0 11.15 0 -inf
7.0 11.25 0 -inf
7.0 11.35 0 -inf
6.0 8.05 3770 -2.04
6.0 8.15 2949 -2.16
6.0 8.25 2292 -2.31
6.0 8.35 1815 -2.44
6.0 8.45 1511 -2.51
6.0 8.55 1210 -2.67
6.0 8.65 951 -2.73
6.0 8.75 755 -2.95
6.0 8.85 589 -3.05
6.0 8.95 423 -3.08
6.0 9.05 302 -3.38
6.0 9.15 261 -3.42
6.0 9.25 180 -3.5
6.0 9.35 196 -3.69
6.0 9.45 204 -3.46
6.0 9.55 177 -3.74
6.0 9.65 179 -3.78
6.0 9.75 131 -3.87
6.0 9.85 133 -3.85
6.0 9.95 109 -4.07
6.0 10.05 107 -3.84
6.0 10.15 72 -4.13
6.0 10.25 50 -4.44
6.0 10.35 38 -4.84
6.0 10.45 33 -5.06
6.0 10.55 20 -4.86
6.0 10.65 19 -5.31
6.0 10.75 8 -4.62
6.0 10.85 6 -5.88
6.0 10.95 1 -6.49
6.0 11.05 0 -inf
6.0 11.15 1 -8.13
6.0 11.25 0 -inf
6.0 11.35 0 -inf
5.0 8.05 6014 -1.8
5.0 8.15 4800 -1.91
5.0 8.25 3861 -2.02
5.0 8.35 3326 -2.09
5.0 8.45 2586 -2.21
5.0 8.55 2196 -2.26
5.0 8.65 1832 -2.38
5.0 8.75 1510 -2.52
5.0 8.85 1203 -2.63
5.0 8.95 1044 -2.69
5.0 9.05 829 -2.84
5.0 9.15 571 -3.0
5.0 9.25 451 -3.17
5.0 9.35 350 -3.24
5.0 9.45 296 -3.44
5.0 9.55 298 -3.26
5.0 9.65 306 -3.35
5.0 9.75 329 -3.29
5.0 9.85 257 -3.51
5.0 9.95 243 -3.48
5.0 10.05 256 -3.66
5.0 10.15 207 -3.59
5.0 10.25 155 -3.8
5.0 10.35 132 -3.9
5.0 10.45 80 -4.3
5.0 10.55 68 -4.4
5.0 10.65 54 -4.32
5.0 10.75 30 -4.97
5.0 10.85 22 -4.92
5.0 10.95 11 -5.8
5.0 11.05 7 -4.77
5.0 11.15 3 -6.35
5.0 11.25 1 -8.13
5.0 11.35 1 -7.14
