flares_data/data/distribution_functions/log10LFUV.ecsv
# %ECSV 1.0
# ---
# datatype:
# - {name: z, datatype: float64}
# - {name: log10L, unit: dex(erg / (Hz s)), datatype: float64, description: 'log_{10}(L_{ FUV }/erg\ s^{-1}\ Hz^{-1}'}
# - {name: N, datatype: int64}
# - {name: log10phi, unit: dex(1 / (dex Mpc3)), datatype: float64, description: 'log_{10}(\phi/Mpc^{-3}\ dex^{-1})'}
# meta: !!omap
# - {name: FLARES}
# - references: []
# schema: astropy-2.0
z log10L N log10phi
10.0 28.45 107 -3.67
10.0 28.55 77 -4.17
10.0 28.65 54 -4.6
10.0 28.75 46 -4.39
10.0 28.85 32 -4.86
10.0 28.95 30 -4.71
10.0 29.05 22 -4.59
10.0 29.15 10 -4.55
10.0 29.25 9 -5.6
10.0 29.35 2 -6.5
10.0 29.45 1 -6.98
10.0 29.55 0 -inf
10.0 29.65 0 -inf
9.0 28.35 264 -3.46
9.0 28.45 181 -3.57
9.0 28.55 124 -3.84
9.0 28.65 105 -3.78
9.0 28.75 88 -4.24
9.0 28.85 79 -4.18
9.0 28.95 57 -4.08
9.0 29.05 44 -4.41
9.0 29.15 30 -4.77
9.0 29.25 11 -5.76
9.0 29.35 10 -4.9
9.0 29.45 4 -6.08
9.0 29.55 2 -6.52
9.0 29.65 4 -6.17
8.0 28.35 474 -3.12
8.0 28.45 315 -3.35
8.0 28.55 217 -3.41
8.0 28.65 207 -3.75
8.0 28.75 173 -3.82
8.0 28.85 150 -3.66
8.0 28.95 111 -3.97
8.0 29.05 68 -4.0
8.0 29.15 55 -4.45
8.0 29.25 38 -4.4
8.0 29.35 25 -5.34
8.0 29.45 20 -5.39
8.0 29.55 9 -5.83
8.0 29.65 10 -4.98
7.0 28.25 969 -2.78
7.0 28.35 802 -2.82
7.0 28.45 580 -3.06
7.0 28.55 483 -3.0
7.0 28.65 373 -3.3
7.0 28.75 295 -3.47
7.0 28.85 304 -3.45
7.0 28.95 220 -3.6
7.0 29.05 158 -3.74
7.0 29.15 118 -4.16
7.0 29.25 87 -4.1
7.0 29.35 47 -4.43
7.0 29.45 23 -5.38
7.0 29.55 19 -4.72
7.0 29.65 12 -5.74
7.0 29.75 10 -5.57
7.0 29.85 3 -6.19
7.0 29.95 0 -inf
6.0 28.15 2018 -2.37
6.0 28.25 1537 -2.49
6.0 28.35 1231 -2.61
6.0 28.45 981 -2.76
6.0 28.55 817 -2.83
6.0 28.65 642 -3.01
6.0 28.75 586 -3.09
6.0 28.85 479 -3.19
6.0 28.95 410 -3.3
6.0 29.05 286 -3.42
6.0 29.15 251 -3.55
6.0 29.25 163 -3.89
6.0 29.35 104 -4.0
6.0 29.45 79 -4.42
6.0 29.55 37 -4.85
6.0 29.65 20 -5.27
6.0 29.75 14 -5.66
6.0 29.85 6 -5.72
6.0 29.95 8 -4.78
5.0 28.05 3396 -2.08
5.0 28.15 2790 -2.18
5.0 28.25 2206 -2.31
5.0 28.35 1894 -2.4
5.0 28.45 1550 -2.48
5.0 28.55 1314 -2.57
5.0 28.65 1161 -2.66
5.0 28.75 1010 -2.78
5.0 28.85 897 -2.81
5.0 28.95 714 -3.0
5.0 29.05 493 -3.13
5.0 29.15 369 -3.51
5.0 29.25 282 -3.52
5.0 29.35 184 -3.73
5.0 29.45 121 -4.07
5.0 29.55 71 -4.25
5.0 29.65 57 -4.25
5.0 29.75 24 -5.36
5.0 29.85 9 -5.77
5.0 29.95 16 -5.02
5.0 30.05 5 -6.23
5.0 30.15 5 -5.91
5.0 30.25 0 -inf
