flares_data/data/distribution_functions/log10LFUV.ecsv
# %ECSV 1.0
# ---
# datatype:
# - {name: z, datatype: float64}
# - {name: log10L, unit: dex(erg / (Hz s)), datatype: float64, description: 'log_{10}(L_{ FUV }/erg\ s^{-1}\ Hz^{-1}'}
# - {name: N, datatype: int64}
# - {name: log10phi, unit: dex(1 / (dex Mpc3)), datatype: float64, description: 'log_{10}(\phi/Mpc^{-3}\ dex^{-1})'}
# meta: !!omap
# - {name: FLARES}
# - references: []
# schema: astropy-2.0
z log10L N log10phi
14.0 28.7 4 -6.54
14.0 28.9 3 -6.83
13.0 28.6 26 -4.95
13.0 28.8 8 -6.29
13.0 29.0 3 -6.12
12.0 28.6 41 -4.83
12.0 28.8 24 -5.02
12.0 29.0 6 -6.06
11.0 28.5 98 -4.39
11.0 28.7 54 -4.96
11.0 28.9 26 -4.77
11.0 29.1 13 -5.88
11.0 29.3 2 -7.19
10.0 28.5 184 -3.85
10.0 28.7 100 -4.48
10.0 28.9 62 -4.78
10.0 29.1 32 -4.57
10.0 29.3 11 -5.85
9.0 28.4 445 -3.51
9.0 28.6 229 -3.81
9.0 28.8 167 -4.21
9.0 29.0 101 -4.21
9.0 29.2 41 -5.03
9.0 29.4 14 -5.17
9.0 29.6 6 -6.31
8.0 28.4 789 -3.22
8.0 28.6 424 -3.55
8.0 28.8 323 -3.73
8.0 29.0 179 -3.98
8.0 29.2 93 -4.42
8.0 29.4 45 -5.37
8.0 29.6 19 -5.22
7.0 28.3 1771 -2.8
7.0 28.5 1063 -3.03
7.0 28.7 668 -3.38
7.0 28.9 524 -3.52
7.0 29.1 276 -3.9
7.0 29.3 134 -4.23
7.0 29.5 42 -4.93
7.0 29.7 22 -5.65
7.0 29.9 3 -6.49
6.0 28.2 3555 -2.43
6.0 28.4 2212 -2.68
6.0 28.6 1459 -2.91
6.0 28.8 1065 -3.14
6.0 29.0 696 -3.36
6.0 29.2 414 -3.69
6.0 29.4 183 -4.16
6.0 29.6 57 -5.01
6.0 29.8 20 -5.69
5.0 28.1 6186 -2.12
5.0 28.3 4100 -2.35
5.0 28.5 2864 -2.53
5.0 28.7 2171 -2.72
5.0 28.9 1611 -2.89
5.0 29.1 862 -3.28
5.0 29.3 466 -3.61
5.0 29.5 192 -4.16
5.0 29.7 81 -4.52
5.0 29.9 25 -5.25
5.0 30.1 10 -6.04
