flares_data/data/distribution_functions/MFUV.ecsv
# %ECSV 1.0
# ---
# datatype:
# - {name: z, datatype: float64}
# - {name: M, datatype: float64, description: 'M_{ FUV}'}
# - {name: N, datatype: int64}
# - {name: log10phi, unit: dex(1 / (mag Mpc3)), datatype: float64, description: 'log_{10}(\phi/Mpc^{-3}\ mag^{-1})'}
# meta: !!omap
# - {name: FLARES}
# - references: []
# schema: astropy-2.0
z M N log10phi
10.0 -22.58 0 -inf
10.0 -22.32 0 -inf
10.0 -22.08 0 -inf
10.0 -21.82 3 -6.77
10.0 -21.58 8 -6.05
10.0 -21.32 7 -4.98
10.0 -21.08 21 -5.09
10.0 -20.82 25 -5.1
10.0 -20.58 36 -5.09
10.0 -20.32 43 -4.88
10.0 -20.08 50 -4.96
10.0 -19.82 80 -4.54
10.0 -19.58 90 -4.2
9.0 -22.68 1 -7.33
9.0 -22.42 4 -6.58
9.0 -22.18 4 -6.55
9.0 -21.92 5 -5.37
9.0 -21.68 10 -5.92
9.0 -21.42 14 -6.16
9.0 -21.18 39 -4.98
9.0 -20.92 57 -4.63
9.0 -20.68 61 -4.6
9.0 -20.42 71 -4.6
9.0 -20.18 102 -4.22
9.0 -19.92 116 -4.2
9.0 -19.68 152 -4.23
9.0 -19.42 194 -3.95
8.0 -22.68 2 -6.63
8.0 -22.42 12 -5.37
8.0 -22.18 14 -5.88
8.0 -21.92 21 -5.9
8.0 -21.68 27 -5.21
8.0 -21.42 54 -4.82
8.0 -21.18 47 -4.75
8.0 -20.92 90 -4.39
8.0 -20.68 133 -4.24
8.0 -20.42 158 -4.08
8.0 -20.18 182 -4.19
8.0 -19.92 207 -3.96
8.0 -19.68 260 -3.78
8.0 -19.42 369 -3.67
7.0 -23.28 0 -inf
7.0 -23.02 3 -6.59
7.0 -22.78 10 -5.97
7.0 -22.52 12 -6.14
7.0 -22.28 21 -5.11
7.0 -22.02 21 -5.81
7.0 -21.78 48 -4.82
7.0 -21.52 88 -4.5
7.0 -21.28 116 -4.56
7.0 -21.02 162 -4.12
7.0 -20.78 218 -4.01
7.0 -20.52 304 -3.85
7.0 -20.27 301 -3.86
7.0 -20.02 371 -3.7
7.0 -19.77 481 -3.4
7.0 -19.52 600 -3.45
7.0 -19.27 795 -3.22
6.0 -23.58 1 -8.53
6.0 -23.32 9 -5.17
6.0 -23.08 5 -6.52
6.0 -22.82 12 -5.96
6.0 -22.58 20 -5.67
6.0 -22.32 34 -5.31
6.0 -22.08 64 -4.86
6.0 -21.82 108 -4.39
6.0 -21.58 143 -4.41
6.0 -21.32 242 -4.03
6.0 -21.08 269 -3.82
6.0 -20.82 401 -3.7
6.0 -20.58 466 -3.63
6.0 -20.32 565 -3.56
6.0 -20.08 626 -3.38
6.0 -19.82 774 -3.27
6.0 -19.58 942 -3.17
6.0 -19.32 1200 -3.04
6.0 -19.08 1457 -2.9
5.0 -24.18 0 -inf
5.0 -23.92 1 -6.89
5.0 -23.68 6 -6.35
5.0 -23.42 7 -5.46
5.0 -23.18 14 -6.19
5.0 -22.92 16 -5.9
5.0 -22.68 34 -4.8
5.0 -22.42 57 -4.82
5.0 -22.18 96 -4.52
5.0 -21.92 147 -4.42
5.0 -21.68 226 -4.05
5.0 -21.42 310 -3.89
5.0 -21.18 418 -3.72
5.0 -20.92 597 -3.5
5.0 -20.68 795 -3.23
5.0 -20.42 924 -3.27
5.0 -20.18 1079 -3.08
5.0 -19.92 1229 -3.05
5.0 -19.68 1365 -2.94
5.0 -19.42 1715 -2.84
5.0 -19.18 1991 -2.78
5.0 -18.92 2467 -2.64
5.0 -18.68 3051 -2.53
