flares_data/data/distribution_functions/MFUV_intrinsic.ecsv
# %ECSV 1.0
# ---
# datatype:
# - {name: z, datatype: float64}
# - {name: M, datatype: float64, description: 'M_{ FUV}'}
# - {name: N, datatype: int64}
# - {name: log10phi, unit: dex(1 / (mag Mpc3)), datatype: float64, description: 'log_{10}(\phi/Mpc^{-3}\ mag^{-1})'}
# meta: !!omap
# - {name: FLARES}
# - references: []
# schema: astropy-2.0
z M N log10phi
10.0 -24.88 1 -7.32
10.0 -24.62 0 -inf
10.0 -24.38 0 -inf
10.0 -24.12 1 -7.32
10.0 -23.88 0 -inf
10.0 -23.62 1 -6.3
10.0 -23.38 3 -6.23
10.0 -23.12 4 -5.5
10.0 -22.88 12 -5.1
10.0 -22.62 7 -6.41
10.0 -22.38 13 -5.69
10.0 -22.12 15 -5.32
10.0 -21.88 19 -4.84
10.0 -21.62 20 -5.31
10.0 -21.38 32 -5.1
10.0 -21.12 24 -5.49
10.0 -20.88 32 -5.09
10.0 -20.62 32 -4.96
10.0 -20.38 48 -4.53
10.0 -20.12 58 -4.58
10.0 -19.88 84 -4.43
9.0 -24.78 1 -7.28
9.0 -24.52 0 -inf
9.0 -24.28 3 -6.65
9.0 -24.02 4 -6.69
9.0 -23.78 3 -6.7
9.0 -23.52 3 -6.29
9.0 -23.28 7 -5.46
9.0 -23.02 16 -5.55
9.0 -22.78 19 -4.78
9.0 -22.52 24 -4.97
9.0 -22.28 39 -5.02
9.0 -22.02 26 -5.09
9.0 -21.78 42 -5.33
9.0 -21.52 36 -4.79
9.0 -21.28 46 -4.62
9.0 -21.02 53 -4.64
9.0 -20.78 71 -4.54
9.0 -20.52 72 -4.38
9.0 -20.27 82 -4.43
9.0 -20.02 111 -4.27
9.0 -19.77 156 -4.02
8.0 -24.68 2 -6.92
8.0 -24.42 6 -5.48
8.0 -24.18 8 -5.77
8.0 -23.92 12 -5.97
8.0 -23.68 8 -6.23
8.0 -23.42 24 -5.71
8.0 -23.18 30 -5.4
8.0 -22.92 36 -5.11
8.0 -22.68 50 -5.04
8.0 -22.42 51 -4.63
8.0 -22.18 69 -4.43
8.0 -21.92 44 -4.53
8.0 -21.68 84 -4.37
8.0 -21.42 91 -4.25
8.0 -21.18 84 -4.39
8.0 -20.92 96 -4.38
8.0 -20.68 117 -4.58
8.0 -20.42 141 -4.05
8.0 -20.18 156 -4.05
8.0 -19.92 263 -3.78
8.0 -19.68 337 -3.73
7.0 -24.98 3 -6.44
7.0 -24.72 6 -6.46
7.0 -24.48 8 -6.12
7.0 -24.22 24 -5.23
7.0 -23.98 23 -5.33
7.0 -23.72 25 -5.39
7.0 -23.48 40 -5.26
7.0 -23.22 61 -4.52
7.0 -22.98 82 -4.68
7.0 -22.72 95 -4.37
7.0 -22.48 114 -4.32
7.0 -22.22 102 -4.21
7.0 -21.98 122 -4.28
7.0 -21.72 125 -4.16
7.0 -21.48 139 -4.19
7.0 -21.22 158 -4.27
7.0 -20.98 170 -4.16
7.0 -20.72 184 -4.03
7.0 -20.48 233 -3.78
7.0 -20.23 382 -3.51
7.0 -19.98 446 -3.53
7.0 -19.73 630 -3.44
7.0 -19.48 761 -3.22
6.0 -25.48 4 -6.63
6.0 -25.22 4 -5.2
6.0 -24.98 7 -6.04
6.0 -24.72 5 -6.45
6.0 -24.48 23 -5.72
6.0 -24.22 36 -5.09
6.0 -23.98 50 -4.86
6.0 -23.72 55 -4.77
6.0 -23.48 100 -4.34
6.0 -23.22 137 -4.25
6.0 -22.98 149 -4.19
6.0 -22.72 181 -4.15
6.0 -22.48 225 -3.99
6.0 -22.22 218 -3.94
6.0 -21.98 225 -3.94
6.0 -21.72 231 -3.83
6.0 -21.48 221 -4.06
6.0 -21.22 206 -3.87
6.0 -20.98 290 -3.86
6.0 -20.72 383 -3.57
6.0 -20.48 475 -3.55
6.0 -20.23 582 -3.42
6.0 -19.98 845 -3.19
6.0 -19.73 996 -3.15
6.0 -19.48 1320 -2.93
6.0 -19.23 1533 -2.93
5.0 -25.88 1 -8.53
5.0 -25.62 0 -inf
5.0 -25.38 6 -6.59
5.0 -25.12 6 -6.34
5.0 -24.88 11 -5.14
5.0 -24.62 20 -4.93
5.0 -24.38 47 -4.92
5.0 -24.12 74 -4.5
5.0 -23.88 105 -4.66
5.0 -23.62 147 -4.23
5.0 -23.38 196 -4.3
5.0 -23.12 279 -3.85
5.0 -22.88 313 -3.81
5.0 -22.62 358 -3.66
5.0 -22.38 409 -3.66
5.0 -22.12 392 -3.72
5.0 -21.88 370 -3.55
5.0 -21.62 340 -3.57
5.0 -21.38 361 -3.7
5.0 -21.12 475 -3.5
5.0 -20.88 585 -3.42
5.0 -20.62 796 -3.24
5.0 -20.38 973 -3.11
5.0 -20.12 1142 -3.02
5.0 -19.88 1476 -2.9
5.0 -19.62 1726 -2.82
5.0 -19.38 2076 -2.74
5.0 -19.12 2557 -2.63
