flares_data/data/distribution_functions/OIII.ecsv
# %ECSV 1.0
# ---
# datatype:
# - {name: z, datatype: float64}
# - {name: log10L, unit: dex(erg / s), datatype: float64, description: 'log_{10}(L_{ OIII }/erg\ s^{-1}'}
# - {name: N, datatype: int64}
# - {name: log10phi, unit: dex(1 / (dex Mpc3)), datatype: float64, description: 'log_{10}(\phi/Mpc^{-3}\ dex^{-1})'}
# meta: !!omap
# - {name: FLARES}
# - references: []
# - lines: !!python/tuple [OIII5007, OIII4959]
# schema: astropy-2.0
z log10L N log10phi
10.0 42.35 87 -3.84
10.0 42.45 62 -4.02
10.0 42.55 50 -4.31
10.0 42.65 44 -4.85
10.0 42.75 32 -4.77
10.0 42.85 26 -5.11
10.0 42.95 29 -4.47
10.0 43.05 12 -5.61
10.0 43.15 9 -5.59
10.0 43.25 8 -4.45
10.0 43.35 3 -6.38
10.0 43.45 2 -6.5
9.0 42.25 199 -3.57
9.0 42.35 129 -3.61
9.0 42.45 97 -3.95
9.0 42.55 95 -3.89
9.0 42.65 85 -3.97
9.0 42.75 75 -3.95
9.0 42.85 43 -4.28
9.0 42.95 42 -4.79
9.0 43.05 42 -4.56
9.0 43.15 23 -4.78
9.0 43.25 12 -5.71
9.0 43.35 4 -6.05
9.0 43.45 2 -5.42
9.0 43.55 5 -5.99
8.0 42.25 343 -3.31
8.0 42.35 235 -3.54
8.0 42.45 181 -3.59
8.0 42.55 179 -3.67
8.0 42.65 145 -3.72
8.0 42.75 119 -3.81
8.0 42.85 105 -3.98
8.0 42.95 96 -4.04
8.0 43.05 59 -4.28
8.0 43.15 40 -4.31
8.0 43.25 31 -4.79
8.0 43.35 21 -5.15
8.0 43.45 10 -5.64
8.0 43.55 8 -5.58
8.0 43.65 1 -6.55
7.0 42.15 757 -2.84
7.0 42.25 567 -2.98
7.0 42.35 480 -3.13
7.0 42.45 410 -3.21
7.0 42.55 301 -3.25
7.0 42.65 256 -3.49
7.0 42.75 244 -3.59
7.0 42.85 223 -3.67
7.0 42.95 145 -3.61
7.0 43.05 115 -3.92
7.0 43.15 82 -4.21
7.0 43.25 47 -4.46
7.0 43.35 28 -4.81
7.0 43.45 19 -5.4
7.0 43.55 10 -5.58
7.0 43.65 5 -6.24
6.0 42.05 1544 -2.45
6.0 42.15 1236 -2.55
6.0 42.25 967 -2.76
6.0 42.35 821 -2.8
6.0 42.45 652 -2.93
6.0 42.55 559 -3.09
6.0 42.65 510 -3.21
6.0 42.75 410 -3.27
6.0 42.85 331 -3.33
6.0 42.95 304 -3.44
6.0 43.05 201 -3.58
6.0 43.15 144 -4.1
6.0 43.25 98 -4.02
6.0 43.35 39 -4.78
6.0 43.45 39 -4.91
6.0 43.55 15 -4.68
6.0 43.65 4 -6.64
5.0 41.95 3217 -2.1
5.0 42.05 2296 -2.28
5.0 42.15 1980 -2.36
5.0 42.25 1689 -2.45
5.0 42.35 1388 -2.56
5.0 42.45 1192 -2.61
5.0 42.55 1093 -2.71
5.0 42.65 938 -2.79
5.0 42.75 737 -3.03
5.0 42.85 575 -2.98
5.0 42.95 450 -3.29
5.0 43.05 319 -3.38
5.0 43.15 217 -3.77
5.0 43.25 151 -3.72
5.0 43.35 56 -4.31
5.0 43.45 46 -4.78
5.0 43.55 16 -5.58
5.0 43.65 7 -6.16
5.0 43.75 8 -5.03
5.0 43.85 2 -6.43
5.0 43.95 0 -inf
5.0 44.05 1 -6.49
5.0 44.15 1 -6.74
