flares_data/data/distribution_functions/OIII_intrinsic.ecsv
# %ECSV 1.0
# ---
# datatype:
# - {name: z, datatype: float64}
# - {name: log10L, unit: dex(erg / s), datatype: float64, description: 'log_{10}(L_{ OIII }/erg\ s^{-1}'}
# - {name: N, datatype: int64}
# - {name: log10phi, unit: dex(1 / (dex Mpc3)), datatype: float64, description: 'log_{10}(\phi/Mpc^{-3}\ dex^{-1})'}
# meta: !!omap
# - {name: FLARES}
# - references: []
# - lines: !!python/tuple [OIII5007, OIII4959]
# schema: astropy-2.0
z log10L N log10phi
10.0 42.45 66 -3.97
10.0 42.55 60 -4.04
10.0 42.65 42 -4.22
10.0 42.75 35 -4.69
10.0 42.85 28 -4.48
10.0 42.95 38 -4.6
10.0 43.05 27 -5.15
10.0 43.15 21 -4.72
10.0 43.25 13 -5.72
10.0 43.35 17 -4.57
10.0 43.45 7 -5.61
10.0 43.55 6 -4.73
10.0 43.65 1 -6.88
10.0 43.75 2 -6.52
9.0 42.35 145 -3.78
9.0 42.45 109 -3.64
9.0 42.55 83 -4.02
9.0 42.65 87 -4.12
9.0 42.75 76 -3.94
9.0 42.85 61 -4.14
9.0 42.95 50 -4.23
9.0 43.05 56 -4.08
9.0 43.15 31 -4.61
9.0 43.25 42 -4.82
9.0 43.35 31 -4.81
9.0 43.45 17 -4.63
9.0 43.55 8 -5.84
9.0 43.65 7 -5.33
9.0 43.75 2 -6.67
9.0 43.85 4 -6.17
9.0 43.95 1 -6.59
8.0 42.25 440 -3.13
8.0 42.35 287 -3.38
8.0 42.45 199 -3.59
8.0 42.55 171 -3.76
8.0 42.65 137 -3.65
8.0 42.75 121 -3.78
8.0 42.85 101 -3.99
8.0 42.95 116 -3.76
8.0 43.05 91 -3.99
8.0 43.15 91 -3.93
8.0 43.25 71 -4.39
8.0 43.35 54 -4.26
8.0 43.45 31 -5.03
8.0 43.55 29 -4.73
8.0 43.65 18 -5.13
8.0 43.75 14 -5.45
8.0 43.85 4 -6.4
8.0 43.95 2 -6.27
8.0 44.05 2 -6.27
7.0 42.15 905 -2.82
7.0 42.25 646 -2.9
7.0 42.35 518 -3.02
7.0 42.45 445 -3.15
7.0 42.55 344 -3.25
7.0 42.65 251 -3.39
7.0 42.75 197 -3.46
7.0 42.85 205 -3.63
7.0 42.95 183 -3.85
7.0 43.05 206 -3.58
7.0 43.15 155 -3.68
7.0 43.25 130 -3.89
7.0 43.35 108 -3.9
7.0 43.45 70 -4.22
7.0 43.55 43 -4.66
7.0 43.65 32 -4.63
7.0 43.75 18 -4.92
7.0 43.85 10 -5.64
7.0 43.95 6 -5.95
6.0 42.15 1429 -2.49
6.0 42.25 1137 -2.61
6.0 42.35 895 -2.77
6.0 42.45 713 -2.91
6.0 42.55 549 -2.95
6.0 42.65 471 -3.1
6.0 42.75 441 -3.17
6.0 42.85 327 -3.35
6.0 42.95 346 -3.36
6.0 43.05 321 -3.33
6.0 43.15 289 -3.56
6.0 43.25 238 -3.54
6.0 43.35 198 -3.58
6.0 43.45 153 -3.9
6.0 43.55 83 -3.99
6.0 43.65 54 -4.85
6.0 43.75 36 -4.97
6.0 43.85 16 -5.33
6.0 43.95 7 -4.78
6.0 44.05 1 -6.93
6.0 44.15 3 -6.37
5.0 42.05 2812 -2.16
5.0 42.15 2218 -2.3
5.0 42.25 1855 -2.36
5.0 42.35 1547 -2.47
5.0 42.45 1269 -2.59
5.0 42.55 1078 -2.66
5.0 42.65 903 -2.8
5.0 42.75 817 -2.85
5.0 42.85 657 -2.95
5.0 42.95 636 -2.96
5.0 43.05 615 -3.05
5.0 43.15 486 -3.17
5.0 43.25 432 -3.33
5.0 43.35 277 -3.4
5.0 43.45 217 -3.62
5.0 43.55 155 -3.88
5.0 43.65 62 -4.64
5.0 43.75 48 -4.27
5.0 43.85 19 -5.56
5.0 43.95 11 -5.03
5.0 44.05 4 -5.06
5.0 44.15 2 -6.48
