flares_data/data/distribution_functions/OIII5007_intrinsic.ecsv
# %ECSV 1.0
# ---
# datatype:
# - {name: z, datatype: float64}
# - {name: log10L, unit: dex(erg / s), datatype: float64, description: 'log_{10}(L_{ OIII5007 }/erg\ s^{-1}'}
# - {name: N, datatype: int64}
# - {name: log10phi, unit: dex(1 / (dex Mpc3)), datatype: float64, description: 'log_{10}(\phi/Mpc^{-3}\ dex^{-1})'}
# meta: !!omap
# - {name: FLARES}
# - references: []
# - lines: [OIII5007]
# schema: astropy-2.0
z log10L N log10phi
10.0 42.25 85 -3.88
10.0 42.35 62 -3.96
10.0 42.45 58 -4.04
10.0 42.55 42 -4.41
10.0 42.65 23 -4.73
10.0 42.75 31 -4.47
10.0 42.85 39 -4.59
10.0 42.95 30 -5.1
10.0 43.05 15 -4.77
10.0 43.15 14 -5.7
10.0 43.25 14 -4.58
10.0 43.35 6 -4.7
10.0 43.45 6 -6.07
10.0 43.55 1 -6.98
10.0 43.65 1 -6.71
9.0 42.25 127 -3.79
9.0 42.35 104 -3.76
9.0 42.45 82 -4.1
9.0 42.55 72 -4.15
9.0 42.65 77 -3.96
9.0 42.75 68 -4.15
9.0 42.85 46 -4.08
9.0 42.95 49 -4.13
9.0 43.05 32 -5.04
9.0 43.15 48 -4.84
9.0 43.25 21 -4.66
9.0 43.35 16 -4.81
9.0 43.45 9 -5.41
9.0 43.55 3 -5.8
9.0 43.65 4 -6.22
9.0 43.75 2 -6.54
8.0 42.15 369 -3.26
8.0 42.25 261 -3.41
8.0 42.35 204 -3.57
8.0 42.45 159 -3.77
8.0 42.55 132 -3.65
8.0 42.65 113 -3.86
8.0 42.75 103 -3.95
8.0 42.85 110 -3.77
8.0 42.95 91 -3.95
8.0 43.05 91 -4.06
8.0 43.15 64 -4.35
8.0 43.25 45 -4.4
8.0 43.35 29 -5.01
8.0 43.45 28 -4.73
8.0 43.55 18 -5.38
8.0 43.65 11 -5.55
8.0 43.75 3 -6.33
8.0 43.85 2 -6.22
7.0 42.05 840 -2.83
7.0 42.15 594 -2.94
7.0 42.25 499 -3.05
7.0 42.35 430 -3.12
7.0 42.45 302 -3.28
7.0 42.55 229 -3.46
7.0 42.65 201 -3.48
7.0 42.75 203 -3.74
7.0 42.85 198 -3.67
7.0 42.95 184 -3.67
7.0 43.05 147 -3.75
7.0 43.15 125 -3.82
7.0 43.25 96 -4.0
7.0 43.35 63 -4.39
7.0 43.45 46 -4.57
7.0 43.55 22 -4.84
7.0 43.65 18 -4.93
7.0 43.75 12 -5.54
7.0 43.85 2 -6.39
6.0 41.95 1835 -2.38
6.0 42.05 1328 -2.51
6.0 42.15 1079 -2.66
6.0 42.25 828 -2.78
6.0 42.35 689 -2.89
6.0 42.45 497 -3.04
6.0 42.55 494 -3.12
6.0 42.65 384 -3.25
6.0 42.75 341 -3.33
6.0 42.85 329 -3.39
6.0 42.95 329 -3.34
6.0 43.05 267 -3.63
6.0 43.15 235 -3.51
6.0 43.25 183 -3.64
6.0 43.35 133 -3.96
6.0 43.45 78 -3.98
6.0 43.55 52 -5.01
6.0 43.65 27 -5.02
6.0 43.75 14 -4.71
6.0 43.85 5 -6.15
6.0 43.95 1 -6.5
5.0 41.95 2660 -2.18
5.0 42.05 2114 -2.34
5.0 42.15 1731 -2.39
5.0 42.25 1469 -2.49
5.0 42.35 1257 -2.62
5.0 42.45 995 -2.71
5.0 42.55 897 -2.8
5.0 42.65 781 -2.85
5.0 42.75 669 -2.99
5.0 42.85 580 -2.97
5.0 42.95 598 -3.07
5.0 43.05 482 -3.24
5.0 43.15 377 -3.34
5.0 43.25 276 -3.44
5.0 43.35 211 -3.65
5.0 43.45 116 -4.04
5.0 43.55 59 -4.84
5.0 43.65 40 -4.28
5.0 43.75 17 -5.65
5.0 43.85 8 -5.05
5.0 43.95 3 -5.07
5.0 44.05 4 -6.18
5.0 44.15 1 -6.74
