flares_data/data/distribution_functions/OIII5007.ecsv
# %ECSV 1.0
# ---
# datatype:
# - {name: z, datatype: float64}
# - {name: log10L, unit: dex(erg / s), datatype: float64, description: 'log_{10}(L_{ OIII5007 }/erg\ s^{-1}'}
# - {name: N, datatype: int64}
# - {name: log10phi, unit: dex(1 / (dex Mpc3)), datatype: float64, description: 'log_{10}(\phi/Mpc^{-3}\ dex^{-1})'}
# meta: !!omap
# - {name: FLARES}
# - references: []
# - lines: [OIII5007]
# schema: astropy-2.0
z log10L N log10phi
10.0 42.25 75 -3.83
10.0 42.35 62 -3.94
10.0 42.45 48 -4.71
10.0 42.55 33 -4.94
10.0 42.65 34 -4.75
10.0 42.75 34 -4.73
10.0 42.85 17 -4.65
10.0 42.95 11 -5.86
10.0 43.05 12 -4.43
10.0 43.15 5 -6.05
10.0 43.25 2 -6.66
9.0 42.15 161 -3.64
9.0 42.25 128 -3.59
9.0 42.35 93 -4.27
9.0 42.45 107 -3.73
9.0 42.55 75 -3.98
9.0 42.65 64 -4.21
9.0 42.75 45 -4.31
9.0 42.85 42 -4.74
9.0 42.95 37 -4.62
9.0 43.05 22 -4.77
9.0 43.15 6 -6.0
9.0 43.25 4 -5.7
9.0 43.35 2 -5.56
9.0 43.45 5 -6.03
8.0 42.05 448 -3.1
8.0 42.15 298 -3.4
8.0 42.25 218 -3.47
8.0 42.35 187 -3.69
8.0 42.45 168 -3.62
8.0 42.55 135 -3.81
8.0 42.65 121 -3.8
8.0 42.75 107 -4.13
8.0 42.85 80 -4.07
8.0 42.95 50 -4.36
8.0 43.05 40 -4.31
8.0 43.15 30 -4.79
8.0 43.25 19 -5.18
8.0 43.35 10 -5.58
8.0 43.45 4 -5.74
8.0 43.55 1 -6.55
7.0 42.05 681 -2.86
7.0 42.15 549 -3.0
7.0 42.25 472 -3.13
7.0 42.35 354 -3.32
7.0 42.45 294 -3.27
7.0 42.55 267 -3.5
7.0 42.65 228 -3.64
7.0 42.75 205 -3.65
7.0 42.85 144 -3.71
7.0 42.95 99 -3.89
7.0 43.05 74 -4.31
7.0 43.15 42 -4.72
7.0 43.25 26 -4.84
7.0 43.35 12 -5.56
7.0 43.45 11 -5.53
7.0 43.55 3 -6.88
6.0 41.95 1474 -2.45
6.0 42.05 1162 -2.62
6.0 42.15 902 -2.79
6.0 42.25 797 -2.8
6.0 42.35 607 -2.98
6.0 42.45 568 -3.12
6.0 42.55 482 -3.2
6.0 42.65 394 -3.3
6.0 42.75 310 -3.38
6.0 42.85 286 -3.45
6.0 42.95 182 -3.68
6.0 43.05 132 -3.94
6.0 43.15 81 -4.25
6.0 43.25 42 -4.82
6.0 43.35 29 -4.59
6.0 43.45 14 -5.75
6.0 43.55 1 -6.49
5.0 41.85 2913 -2.14
5.0 41.95 2229 -2.31
5.0 42.05 1899 -2.38
5.0 42.15 1606 -2.47
5.0 42.25 1323 -2.59
5.0 42.35 1148 -2.62
5.0 42.45 1077 -2.76
5.0 42.55 893 -2.82
5.0 42.65 700 -3.0
5.0 42.75 534 -3.09
5.0 42.85 429 -3.28
5.0 42.95 282 -3.43
5.0 43.05 202 -3.74
5.0 43.15 116 -3.87
5.0 43.25 51 -4.52
5.0 43.35 38 -4.91
5.0 43.45 14 -5.74
5.0 43.55 8 -6.01
5.0 43.65 5 -5.05
5.0 43.75 2 -6.43
5.0 43.85 0 -inf
5.0 43.95 1 -6.49
