flares_data/data/scaling_relations/MFUV_intrinsic/beta_intrinsic.ecsv
# %ECSV 1.0
# ---
# datatype:
# - {name: z, datatype: float64}
# - {name: MFUV_intrinsic, unit: '', datatype: float64, description: rest-frame intrinsic far-UV luminosity}
# - {name: N, datatype: int64, description: number of galaxies in bin}
# - {name: beta_intrinsic_P2.2, unit: '', datatype: float64, description: intrinsic UV continuum slope (\beta)}
# - {name: beta_intrinsic_P15.8, unit: '', datatype: float64, description: intrinsic UV continuum slope (\beta)}
# - {name: beta_intrinsic_P50.0, unit: '', datatype: float64, description: intrinsic UV continuum slope (\beta)}
# - {name: beta_intrinsic_P84.2, unit: '', datatype: float64, description: intrinsic UV continuum slope (\beta)}
# - {name: beta_intrinsic_P97.8, unit: '', datatype: float64, description: intrinsic UV continuum slope (\beta)}
# meta: !!omap
# - {name: FLARES}
# - references: []
# - percentiles: [2.2, 15.8, 50.0, 84.2, 97.8]
# schema: astropy-2.0
z MFUV_intrinsic N beta_intrinsic_P2.2 beta_intrinsic_P15.8 beta_intrinsic_P50.0 beta_intrinsic_P84.2 beta_intrinsic_P97.8
15.0 -21.5 1 -2.53 -2.53 -2.53 -2.53 -2.53
15.0 -20.5 1 -2.55 -2.55 -2.55 -2.55 -2.55
15.0 -20.3 1 -2.55 -2.55 -2.55 -2.55 -2.55
15.0 -20.1 3 -2.57 -2.57 -2.56 -2.55 -2.55
15.0 -19.9 8 -2.56 -2.54 -2.54 -2.53 -2.52
15.0 -19.7 7 -2.56 -2.56 -2.55 -2.55 -2.55
15.0 -19.5 6 -2.6 -2.53 -2.51 -2.51 -2.51
15.0 -19.3 7 -2.59 -2.59 -2.57 -2.57 -2.49
15.0 -19.1 29 -2.57 -2.54 -2.48 -2.46 -2.44
15.0 -18.9 22 -2.57 -2.54 -2.5 -2.5 -2.5
15.0 -18.7 42 -2.59 -2.57 -2.55 -2.48 -2.46
15.0 -18.5 48 -2.6 -2.59 -2.55 -2.52 -2.45
15.0 -18.3 49 -2.59 -2.59 -2.58 -2.52 -2.47
14.0 -22.7 1 -2.54 -2.54 -2.54 -2.54 -2.54
14.0 -22.3 1 -2.51 -2.51 -2.51 -2.51 -2.51
14.0 -21.7 1 -2.54 -2.54 -2.54 -2.54 -2.54
14.0 -21.1 1 -2.57 -2.57 -2.57 -2.57 -2.57
14.0 -20.9 2 -2.56 -2.56 -2.55 -2.53 -2.53
14.0 -20.5 4 -2.54 -2.54 -2.53 -2.52 -2.52
14.0 -20.3 8 -2.57 -2.57 -2.57 -2.54 -2.52
14.0 -20.1 4 -2.56 -2.56 -2.55 -2.54 -2.54
14.0 -19.9 8 -2.57 -2.57 -2.55 -2.54 -2.52
14.0 -19.7 14 -2.55 -2.55 -2.55 -2.55 -2.53
14.0 -19.5 20 -2.58 -2.57 -2.54 -2.53 -2.51
14.0 -19.3 30 -2.58 -2.55 -2.52 -2.52 -2.51
14.0 -19.1 46 -2.58 -2.56 -2.5 -2.42 -2.42
14.0 -18.9 68 -2.58 -2.57 -2.57 -2.53 -2.48
14.0 -18.7 117 -2.58 -2.58 -2.56 -2.51 -2.47
14.0 -18.5 145 -2.59 -2.57 -2.56 -2.51 -2.5
14.0 -18.3 173 -2.6 -2.58 -2.55 -2.52 -2.42
13.0 -22.3 1 -2.42 -2.42 -2.42 -2.42 -2.42
13.0 -22.1 1 -2.56 -2.56 -2.56 -2.56 -2.56
13.0 -21.9 1 -2.55 -2.55 -2.55 -2.55 -2.55
13.0 -21.7 1 -2.54 -2.54 -2.54 -2.54 -2.54
13.0 -21.5 4 -2.54 -2.54 -2.52 -2.48 -2.48
13.0 -21.3 2 -2.57 -2.57 -2.56 -2.55 -2.55
13.0 -21.1 3 -2.56 -2.56 -2.53 -2.52 -2.52
13.0 -20.9 3 -2.55 -2.55 -2.55 -2.54 -2.54
13.0 -20.7 5 -2.56 -2.55 -2.54 -2.54 -2.53
13.0 -20.5 7 -2.55 -2.55 -2.54 -2.53 -2.53
13.0 -20.3 13 -2.57 -2.54 -2.54 -2.54 -2.54
13.0 -20.1 9 -2.56 -2.56 -2.55 -2.55 -2.51
13.0 -19.9 16 -2.56 -2.54 -2.54 -2.53 -2.47
13.0 -19.7 22 -2.56 -2.54 -2.54 -2.53 -2.49
13.0 -19.5 36 -2.57 -2.53 -2.52 -2.48 -2.48
13.0 -19.3 69 -2.58 -2.58 -2.56 -2.49 -2.44
13.0 -19.1 83 -2.56 -2.55 -2.54 -2.51 -2.44
13.0 -18.9 159 -2.61 -2.59 -2.55 -2.5 -2.38
13.0 -18.7 226 -2.59 -2.58 -2.54 -2.48 -2.44
13.0 -18.5 308 -2.6 -2.59 -2.55 -2.51 -2.45
13.0 -18.3 344 -2.61 -2.58 -2.55 -2.51 -2.45
12.0 -22.7 1 -2.47 -2.47 -2.47 -2.47 -2.47
12.0 -22.5 1 -2.46 -2.46 -2.46 -2.46 -2.46
12.0 -22.3 2 -2.47 -2.47 -2.44 -2.4 -2.4
12.0 -22.1 2 -2.46 -2.46 -2.45 -2.44 -2.44
12.0 -21.9 2 -2.55 -2.55 -2.54 -2.49 -2.47
12.0 -21.7 4 -2.55 -2.54 -2.48 -2.47 -2.47
12.0 -21.5 10 -2.54 -2.52 -2.52 -2.51 -2.48
12.0 -21.3 6 -2.57 -2.56 -2.51 -2.47 -2.47
12.0 -21.1 5 -2.57 -2.55 -2.52 -2.49 -2.48
12.0 -20.9 5 -2.55 -2.55 -2.54 -2.5 -2.5
12.0 -20.7 14 -2.55 -2.55 -2.55 -2.52 -2.5
12.0 -20.5 12 -2.56 -2.56 -2.54 -2.51 -2.51
12.0 -20.3 21 -2.56 -2.55 -2.54 -2.5 -2.49
12.0 -20.1 23 -2.57 -2.54 -2.51 -2.5 -2.5
12.0 -19.9 18 -2.56 -2.56 -2.54 -2.49 -2.49
12.0 -19.7 35 -2.58 -2.55 -2.54 -2.52 -2.48
12.0 -19.5 56 -2.57 -2.56 -2.55 -2.53 -2.5
12.0 -19.3 84 -2.58 -2.56 -2.53 -2.49 -2.45
12.0 -19.1 146 -2.58 -2.57 -2.55 -2.5 -2.45
12.0 -18.9 217 -2.57 -2.57 -2.54 -2.48 -2.43
12.0 -18.7 377 -2.6 -2.57 -2.53 -2.47 -2.44
12.0 -18.5 511 -2.59 -2.57 -2.54 -2.48 -2.43
12.0 -18.3 658 -2.61 -2.59 -2.55 -2.51 -2.46
11.0 -22.9 1 -2.35 -2.35 -2.35 -2.35 -2.35
11.0 -22.7 3 -2.51 -2.5 -2.5 -2.49 -2.49
11.0 -22.5 3 -2.55 -2.54 -2.5 -2.4 -2.35
11.0 -22.3 4 -2.51 -2.49 -2.44 -2.27 -2.25
11.0 -22.1 7 -2.55 -2.54 -2.48 -2.44 -2.39
11.0 -21.9 8 -2.53 -2.52 -2.5 -2.48 -2.48
11.0 -21.7 9 -2.52 -2.46 -2.44 -2.4 -2.39
11.0 -21.5 7 -2.53 -2.53 -2.52 -2.49 -2.4
11.0 -21.3 11 -2.54 -2.54 -2.53 -2.49 -2.38
11.0 -21.1 16 -2.54 -2.54 -2.54 -2.54 -2.46
11.0 -20.9 13 -2.55 -2.54 -2.52 -2.48 -2.46
11.0 -20.7 21 -2.55 -2.54 -2.53 -2.51 -2.46
11.0 -20.5 21 -2.54 -2.48 -2.46 -2.45 -2.45
11.0 -20.3 27 -2.55 -2.54 -2.52 -2.49 -2.46
11.0 -20.1 20 -2.57 -2.55 -2.53 -2.52 -2.5
11.0 -19.9 26 -2.55 -2.54 -2.53 -2.52 -2.51
11.0 -19.7 48 -2.55 -2.53 -2.5 -2.49 -2.49
11.0 -19.5 88 -2.56 -2.54 -2.51 -2.5 -2.39
11.0 -19.3 110 -2.57 -2.56 -2.55 -2.52 -2.48
11.0 -19.1 206 -2.59 -2.56 -2.54 -2.48 -2.46
11.0 -18.9 320 -2.58 -2.55 -2.52 -2.49 -2.45
11.0 -18.7 476 -2.58 -2.56 -2.54 -2.48 -2.43
11.0 -18.5 742 -2.59 -2.56 -2.54 -2.49 -2.44
11.0 -18.3 988 -2.61 -2.58 -2.55 -2.5 -2.42
10.0 -22.9 10 -2.51 -2.48 -2.47 -2.44 -2.4
10.0 -22.7 6 -2.47 -2.45 -2.4 -2.35 -2.35
10.0 -22.5 10 -2.55 -2.51 -2.45 -2.39 -2.33
10.0 -22.3 10 -2.52 -2.45 -2.36 -2.31 -2.27
10.0 -22.1 11 -2.55 -2.54 -2.53 -2.45 -2.38
10.0 -21.9 17 -2.54 -2.54 -2.44 -2.43 -2.4
10.0 -21.7 12 -2.53 -2.51 -2.51 -2.49 -2.45
10.0 -21.5 23 -2.55 -2.54 -2.54 -2.5 -2.35
10.0 -21.3 25 -2.55 -2.53 -2.52 -2.4 -2.34
10.0 -21.1 18 -2.54 -2.54 -2.53 -2.51 -2.41
10.0 -20.9 23 -2.55 -2.55 -2.54 -2.52 -2.42
10.0 -20.7 30 -2.55 -2.53 -2.42 -2.4 -2.38
10.0 -20.5 33 -2.54 -2.53 -2.49 -2.48 -2.44
10.0 -20.3 35 -2.56 -2.52 -2.49 -2.49 -2.48
10.0 -20.1 49 -2.55 -2.55 -2.51 -2.5 -2.49
10.0 -19.9 60 -2.54 -2.54 -2.54 -2.52 -2.45
10.0 -19.7 83 -2.56 -2.54 -2.52 -2.52 -2.48
10.0 -19.5 119 -2.56 -2.55 -2.53 -2.5 -2.47
10.0 -19.3 162 -2.56 -2.54 -2.51 -2.47 -2.41
10.0 -19.1 244 -2.56 -2.55 -2.52 -2.48 -2.41
10.0 -18.9 432 -2.58 -2.56 -2.51 -2.47 -2.42
10.0 -18.7 657 -2.59 -2.56 -2.54 -2.47 -2.42
10.0 -18.5 1034 -2.59 -2.57 -2.53 -2.47 -2.4
10.0 -18.3 1366 -2.61 -2.58 -2.54 -2.48 -2.4
9.0 -22.9 14 -2.5 -2.45 -2.3 -2.28 -2.05
9.0 -22.7 19 -2.55 -2.55 -2.49 -2.35 -2.33
9.0 -22.5 19 -2.55 -2.46 -2.38 -2.37 -2.36
9.0 -22.3 29 -2.52 -2.43 -2.42 -2.41 -2.35
9.0 -22.1 24 -2.53 -2.45 -2.4 -2.22 -2.22
9.0 -21.9 35 -2.55 -2.55 -2.52 -2.43 -2.3
9.0 -21.7 28 -2.54 -2.52 -2.44 -2.42 -2.37
9.0 -21.5 27 -2.54 -2.51 -2.51 -2.48 -2.41
9.0 -21.3 37 -2.54 -2.52 -2.51 -2.47 -2.3
9.0 -21.1 39 -2.54 -2.52 -2.51 -2.42 -2.28
9.0 -20.9 53 -2.55 -2.55 -2.54 -2.49 -2.36
9.0 -20.7 58 -2.54 -2.54 -2.53 -2.3 -2.29
9.0 -20.5 55 -2.53 -2.52 -2.52 -2.51 -2.27
9.0 -20.3 68 -2.54 -2.53 -2.52 -2.49 -2.48
9.0 -20.1 70 -2.54 -2.53 -2.51 -2.5 -2.49
9.0 -19.9 106 -2.54 -2.54 -2.52 -2.51 -2.48
9.0 -19.7 144 -2.55 -2.54 -2.51 -2.48 -2.45
9.0 -19.5 214 -2.54 -2.52 -2.5 -2.46 -2.43
9.0 -19.3 275 -2.55 -2.54 -2.51 -2.47 -2.43
9.0 -19.1 412 -2.57 -2.54 -2.51 -2.48 -2.44
9.0 -18.9 661 -2.58 -2.55 -2.51 -2.47 -2.41
9.0 -18.7 932 -2.6 -2.55 -2.5 -2.45 -2.39
9.0 -18.5 1292 -2.59 -2.56 -2.52 -2.46 -2.39
9.0 -18.3 1807 -2.61 -2.57 -2.53 -2.48 -2.4
8.0 -22.9 31 -2.53 -2.43 -2.42 -2.29 -2.26
8.0 -22.7 36 -2.54 -2.54 -2.45 -2.28 -2.16
8.0 -22.5 42 -2.5 -2.45 -2.22 -2.09 -2.02
8.0 -22.3 49 -2.53 -2.5 -2.48 -2.28 -2.27
8.0 -22.1 52 -2.53 -2.46 -2.42 -2.28 -2.21
8.0 -21.9 35 -2.54 -2.51 -2.42 -2.4 -2.39
8.0 -21.7 64 -2.54 -2.53 -2.52 -2.44 -2.38
8.0 -21.5 74 -2.53 -2.53 -2.49 -2.42 -2.38
8.0 -21.3 72 -2.56 -2.55 -2.51 -2.35 -2.28
8.0 -21.1 67 -2.54 -2.52 -2.5 -2.44 -2.34
8.0 -20.9 78 -2.53 -2.53 -2.52 -2.43 -2.42
8.0 -20.7 93 -2.54 -2.52 -2.52 -2.49 -2.14
8.0 -20.5 95 -2.54 -2.52 -2.52 -2.5 -2.48
8.0 -20.3 141 -2.54 -2.53 -2.5 -2.46 -2.45
8.0 -20.1 128 -2.53 -2.52 -2.5 -2.46 -2.45
8.0 -19.9 220 -2.54 -2.52 -2.5 -2.47 -2.46
8.0 -19.7 255 -2.55 -2.53 -2.5 -2.48 -2.46
8.0 -19.5 388 -2.55 -2.52 -2.49 -2.45 -2.38
8.0 -19.3 466 -2.54 -2.53 -2.49 -2.45 -2.39
8.0 -19.1 682 -2.56 -2.53 -2.5 -2.45 -2.39
8.0 -18.9 849 -2.57 -2.54 -2.51 -2.46 -2.36
8.0 -18.7 1251 -2.58 -2.54 -2.51 -2.45 -2.37
8.0 -18.5 1755 -2.6 -2.55 -2.51 -2.46 -2.38
8.0 -18.3 2359 -2.6 -2.56 -2.52 -2.46 -2.38
7.0 -22.9 59 -2.49 -2.39 -2.38 -2.29 -2.17
7.0 -22.7 79 -2.48 -2.45 -2.38 -2.37 -2.18
7.0 -22.5 88 -2.48 -2.44 -2.42 -2.37 -2.17
7.0 -22.3 94 -2.5 -2.49 -2.41 -2.28 -2.24
7.0 -22.1 82 -2.52 -2.43 -2.41 -2.22 -2.2
7.0 -21.9 97 -2.52 -2.51 -2.43 -2.18 -2.03
7.0 -21.7 102 -2.55 -2.5 -2.42 -2.33 -2.29
7.0 -21.5 102 -2.53 -2.53 -2.51 -2.45 -2.31
7.0 -21.3 129 -2.54 -2.52 -2.5 -2.45 -2.36
7.0 -21.1 141 -2.54 -2.52 -2.49 -2.34 -2.18
7.0 -20.9 128 -2.52 -2.51 -2.49 -2.47 -2.3
7.0 -20.7 151 -2.54 -2.52 -2.49 -2.46 -1.97
7.0 -20.5 170 -2.54 -2.52 -2.49 -2.47 -2.19
7.0 -20.3 280 -2.52 -2.5 -2.48 -2.46 -2.42
7.0 -20.1 327 -2.53 -2.51 -2.49 -2.46 -2.39
7.0 -19.9 399 -2.53 -2.5 -2.48 -2.44 -2.39
7.0 -19.7 515 -2.54 -2.51 -2.49 -2.44 -2.36
7.0 -19.5 592 -2.53 -2.5 -2.48 -2.43 -2.35
7.0 -19.3 736 -2.55 -2.52 -2.49 -2.43 -2.38
7.0 -19.1 918 -2.55 -2.52 -2.49 -2.45 -2.36
7.0 -18.9 1290 -2.55 -2.52 -2.49 -2.44 -2.36
7.0 -18.7 1800 -2.57 -2.54 -2.49 -2.44 -2.36
7.0 -18.5 2268 -2.58 -2.55 -2.5 -2.44 -2.37
7.0 -18.3 3049 -2.59 -2.55 -2.5 -2.43 -2.35
6.0 -22.9 122 -2.47 -2.44 -2.34 -2.26 -2.16
6.0 -22.7 152 -2.47 -2.45 -2.34 -2.25 -2.15
6.0 -22.5 173 -2.52 -2.51 -2.42 -2.28 -2.16
6.0 -22.3 186 -2.52 -2.47 -2.41 -2.38 -2.04
6.0 -22.1 173 -2.5 -2.46 -2.38 -2.17 -2.09
6.0 -21.9 189 -2.52 -2.5 -2.45 -2.28 -2.03
6.0 -21.7 178 -2.54 -2.5 -2.45 -2.29 -2.02
6.0 -21.5 182 -2.52 -2.49 -2.46 -2.28 -2.17
6.0 -21.3 169 -2.51 -2.49 -2.47 -2.4 -2.19
6.0 -21.1 171 -2.54 -2.5 -2.49 -2.47 -2.35
6.0 -20.9 254 -2.51 -2.5 -2.47 -2.41 -2.35
6.0 -20.7 324 -2.53 -2.5 -2.46 -2.44 -2.38
6.0 -20.5 371 -2.51 -2.5 -2.47 -2.42 -2.4
6.0 -20.3 436 -2.53 -2.5 -2.46 -2.4 -2.36
6.0 -20.1 576 -2.53 -2.5 -2.47 -2.43 -2.35
6.0 -19.9 703 -2.52 -2.5 -2.47 -2.43 -2.38
6.0 -19.7 812 -2.54 -2.5 -2.47 -2.4 -2.28
6.0 -19.5 1027 -2.53 -2.51 -2.47 -2.41 -2.35
6.0 -19.3 1164 -2.54 -2.5 -2.47 -2.42 -2.32
6.0 -19.1 1470 -2.54 -2.51 -2.47 -2.41 -2.3
6.0 -18.9 1783 -2.56 -2.52 -2.47 -2.41 -2.29
6.0 -18.7 2209 -2.56 -2.52 -2.48 -2.41 -2.31
6.0 -18.5 2918 -2.57 -2.53 -2.48 -2.42 -2.32
6.0 -18.3 3618 -2.58 -2.54 -2.49 -2.42 -2.3
5.0 -22.9 240 -2.45 -2.42 -2.28 -2.13 -2.05
5.0 -22.7 295 -2.47 -2.44 -2.34 -2.2 -2.03
5.0 -22.5 302 -2.47 -2.43 -2.33 -2.21 -2.0
5.0 -22.3 320 -2.48 -2.44 -2.35 -2.18 -2.08
5.0 -22.1 315 -2.48 -2.42 -2.35 -2.19 -2.05
5.0 -21.9 303 -2.52 -2.47 -2.4 -2.2 -1.98
5.0 -21.7 268 -2.52 -2.48 -2.44 -2.34 -2.15
5.0 -21.5 273 -2.51 -2.48 -2.42 -2.28 -1.88
5.0 -21.3 306 -2.51 -2.49 -2.47 -2.41 -2.11
5.0 -21.1 396 -2.52 -2.49 -2.46 -2.39 -2.04
5.0 -20.9 452 -2.5 -2.49 -2.46 -2.42 -2.36
5.0 -20.7 591 -2.53 -2.49 -2.44 -2.4 -2.33
5.0 -20.5 691 -2.52 -2.49 -2.45 -2.4 -2.35
5.0 -20.3 810 -2.52 -2.49 -2.45 -2.39 -1.7
5.0 -20.1 952 -2.52 -2.49 -2.45 -2.4 -2.31
5.0 -19.9 1165 -2.51 -2.49 -2.45 -2.39 -2.3
5.0 -19.7 1321 -2.52 -2.49 -2.45 -2.39 -2.31
5.0 -19.5 1499 -2.53 -2.5 -2.45 -2.38 -2.3
5.0 -19.3 1768 -2.52 -2.49 -2.45 -2.39 -2.31
5.0 -19.1 2082 -2.53 -2.5 -2.44 -2.38 -2.31
5.0 -18.9 2451 -2.55 -2.5 -2.45 -2.39 -2.3
5.0 -18.7 2877 -2.55 -2.51 -2.46 -2.38 -2.29
5.0 -18.5 3555 -2.57 -2.52 -2.47 -2.39 -2.26
5.0 -18.3 4275 -2.57 -2.52 -2.47 -2.38 -2.25
