flares_data/data/ew_histogram/HI4861.ecsv
# %ECSV 1.0
# ---
# datatype:
# - {name: z, datatype: float64}
# - {name: ew_bin_low, unit: Angstrom, datatype: float64, description: lower edge of EW bin}
# - {name: ew_bin_high, unit: Angstrom, datatype: float64, description: upper edge of EW bin}
# - {name: weighted density, datatype: float64}
# meta: !!omap
# - {name: FLARES}
# - lines: [HI4861]
# - references: []
# schema: astropy-2.0
z ew_bin_low ew_bin_high "weighted density"
10.0 0.0 100.0 0.004289777973180587
10.0 100.0 200.0 0.0052157550709522865
10.0 200.0 300.0 0.0004944669558671255
10.0 300.0 400.0 0.0
10.0 400.0 500.0 0.0
10.0 500.0 600.0 0.0
10.0 600.0 700.0 0.0
10.0 700.0 800.0 0.0
10.0 800.0 900.0 0.0
10.0 900.0 1000.0 0.0
10.0 1000.0 1100.0 0.0
10.0 1100.0 1200.0 0.0
10.0 1200.0 1300.0 0.0
10.0 1300.0 1400.0 0.0
10.0 1400.0 1500.0 0.0
10.0 1500.0 1600.0 0.0
10.0 1600.0 1700.0 0.0
10.0 1700.0 1800.0 0.0
10.0 1800.0 1900.0 0.0
10.0 1900.0 2000.0 0.0
10.0 2000.0 2100.0 0.0
10.0 2100.0 2200.0 0.0
10.0 2200.0 2300.0 0.0
10.0 2300.0 2400.0 0.0
10.0 2400.0 2500.0 0.0
10.0 2500.0 2600.0 0.0
10.0 2600.0 2700.0 0.0
10.0 2700.0 2800.0 0.0
10.0 2800.0 2900.0 0.0
10.0 2900.0 3000.0 0.0
9.0 0.0 100.0 0.004885940789800969
9.0 100.0 200.0 0.00466447434646381
9.0 200.0 300.0 0.0004495848637352219
9.0 300.0 400.0 0.0
9.0 400.0 500.0 0.0
9.0 500.0 600.0 0.0
9.0 600.0 700.0 0.0
9.0 700.0 800.0 0.0
9.0 800.0 900.0 0.0
9.0 900.0 1000.0 0.0
9.0 1000.0 1100.0 0.0
9.0 1100.0 1200.0 0.0
9.0 1200.0 1300.0 0.0
9.0 1300.0 1400.0 0.0
9.0 1400.0 1500.0 0.0
9.0 1500.0 1600.0 0.0
9.0 1600.0 1700.0 0.0
9.0 1700.0 1800.0 0.0
9.0 1800.0 1900.0 0.0
9.0 1900.0 2000.0 0.0
9.0 2000.0 2100.0 0.0
9.0 2100.0 2200.0 0.0
9.0 2200.0 2300.0 0.0
9.0 2300.0 2400.0 0.0
9.0 2400.0 2500.0 0.0
9.0 2500.0 2600.0 0.0
9.0 2600.0 2700.0 0.0
9.0 2700.0 2800.0 0.0
9.0 2800.0 2900.0 0.0
9.0 2900.0 3000.0 0.0
8.0 0.0 100.0 0.0058672723841460645
8.0 100.0 200.0 0.003966007587817454
8.0 200.0 300.0 0.0001667200280364813
8.0 300.0 400.0 0.0
8.0 400.0 500.0 0.0
8.0 500.0 600.0 0.0
8.0 600.0 700.0 0.0
8.0 700.0 800.0 0.0
8.0 800.0 900.0 0.0
8.0 900.0 1000.0 0.0
8.0 1000.0 1100.0 0.0
8.0 1100.0 1200.0 0.0
8.0 1200.0 1300.0 0.0
8.0 1300.0 1400.0 0.0
8.0 1400.0 1500.0 0.0
8.0 1500.0 1600.0 0.0
8.0 1600.0 1700.0 0.0
8.0 1700.0 1800.0 0.0
8.0 1800.0 1900.0 0.0
8.0 1900.0 2000.0 0.0
8.0 2000.0 2100.0 0.0
8.0 2100.0 2200.0 0.0
8.0 2200.0 2300.0 0.0
8.0 2300.0 2400.0 0.0
8.0 2400.0 2500.0 0.0
8.0 2500.0 2600.0 0.0
8.0 2600.0 2700.0 0.0
8.0 2700.0 2800.0 0.0
8.0 2800.0 2900.0 0.0
8.0 2900.0 3000.0 0.0
7.0 0.0 100.0 0.0063414357720330446
7.0 100.0 200.0 0.003456946784159482
7.0 200.0 300.0 0.00020142067204839657
7.0 300.0 400.0 1.9677175907690348e-07
7.0 400.0 500.0 0.0
7.0 500.0 600.0 0.0
7.0 600.0 700.0 0.0
7.0 700.0 800.0 0.0
7.0 800.0 900.0 0.0
7.0 900.0 1000.0 0.0
7.0 1000.0 1100.0 0.0
7.0 1100.0 1200.0 0.0
7.0 1200.0 1300.0 0.0
7.0 1300.0 1400.0 0.0
7.0 1400.0 1500.0 0.0
7.0 1500.0 1600.0 0.0
7.0 1600.0 1700.0 0.0
7.0 1700.0 1800.0 0.0
7.0 1800.0 1900.0 0.0
7.0 1900.0 2000.0 0.0
7.0 2000.0 2100.0 0.0
7.0 2100.0 2200.0 0.0
7.0 2200.0 2300.0 0.0
7.0 2300.0 2400.0 0.0
7.0 2400.0 2500.0 0.0
7.0 2500.0 2600.0 0.0
7.0 2600.0 2700.0 0.0
7.0 2700.0 2800.0 0.0
7.0 2800.0 2900.0 0.0
7.0 2900.0 3000.0 0.0
6.0 0.0 100.0 0.007059583781664026
6.0 100.0 200.0 0.002826748935809999
6.0 200.0 300.0 0.00011366728252597424
6.0 300.0 400.0 0.0
6.0 400.0 500.0 0.0
6.0 500.0 600.0 0.0
6.0 600.0 700.0 0.0
6.0 700.0 800.0 0.0
6.0 800.0 900.0 0.0
6.0 900.0 1000.0 0.0
6.0 1000.0 1100.0 0.0
6.0 1100.0 1200.0 0.0
6.0 1200.0 1300.0 0.0
6.0 1300.0 1400.0 0.0
6.0 1400.0 1500.0 0.0
6.0 1500.0 1600.0 0.0
6.0 1600.0 1700.0 0.0
6.0 1700.0 1800.0 0.0
6.0 1800.0 1900.0 0.0
6.0 1900.0 2000.0 0.0
6.0 2000.0 2100.0 0.0
6.0 2100.0 2200.0 0.0
6.0 2200.0 2300.0 0.0
6.0 2300.0 2400.0 0.0
6.0 2400.0 2500.0 0.0
6.0 2500.0 2600.0 0.0
6.0 2600.0 2700.0 0.0
6.0 2700.0 2800.0 0.0
6.0 2800.0 2900.0 0.0
6.0 2900.0 3000.0 0.0
5.0 0.0 100.0 0.007721022392214304
5.0 100.0 200.0 0.0021906968205446862
5.0 200.0 300.0 8.82713857201468e-05
5.0 300.0 400.0 9.401520862896506e-09
5.0 400.0 500.0 0.0
5.0 500.0 600.0 0.0
5.0 600.0 700.0 0.0
5.0 700.0 800.0 0.0
5.0 800.0 900.0 0.0
5.0 900.0 1000.0 0.0
5.0 1000.0 1100.0 0.0
5.0 1100.0 1200.0 0.0
5.0 1200.0 1300.0 0.0
5.0 1300.0 1400.0 0.0
5.0 1400.0 1500.0 0.0
5.0 1500.0 1600.0 0.0
5.0 1600.0 1700.0 0.0
5.0 1700.0 1800.0 0.0
5.0 1800.0 1900.0 0.0
5.0 1900.0 2000.0 0.0
5.0 2000.0 2100.0 0.0
5.0 2100.0 2200.0 0.0
5.0 2200.0 2300.0 0.0
5.0 2300.0 2400.0 0.0
5.0 2400.0 2500.0 0.0
5.0 2500.0 2600.0 0.0
5.0 2600.0 2700.0 0.0
5.0 2700.0 2800.0 0.0
5.0 2800.0 2900.0 0.0
5.0 2900.0 3000.0 0.0
