flares_data/data/ew_histogram/HI4861-OIII4959-OIII5007.ecsv
# %ECSV 1.0
# ---
# datatype:
# - {name: z, datatype: float64}
# - {name: ew_bin_low, unit: Angstrom, datatype: float64, description: lower edge of EW bin}
# - {name: ew_bin_high, unit: Angstrom, datatype: float64, description: upper edge of EW bin}
# - {name: weighted density, datatype: float64}
# meta: !!omap
# - {name: FLARES}
# - lines: [HI4861, OIII4959, OIII5007]
# - references: []
# schema: astropy-2.0
z ew_bin_low ew_bin_high "weighted density"
10.0 0.0 100.0 0.0009482911361184617
10.0 100.0 200.0 0.0006071955729903726
10.0 200.0 300.0 0.0007701538494454922
10.0 300.0 400.0 0.00045026774439569875
10.0 400.0 500.0 0.0005394274118965321
10.0 500.0 600.0 0.001221506148326283
10.0 600.0 700.0 0.0007829104427666981
10.0 700.0 800.0 0.000951275610728944
10.0 800.0 900.0 0.0007949409908104464
10.0 900.0 1000.0 0.0012743676073128352
10.0 1000.0 1100.0 0.0005808889702632442
10.0 1100.0 1200.0 0.000223045497751878
10.0 1200.0 1300.0 0.00040701913876257803
10.0 1300.0 1400.0 0.00015607621739752088
10.0 1400.0 1500.0 6.100127138758392e-06
10.0 1500.0 1600.0 0.00027955761065663804
10.0 1600.0 1700.0 6.975923237618311e-06
10.0 1700.0 1800.0 0.0
10.0 1800.0 1900.0 0.0
10.0 1900.0 2000.0 0.0
10.0 2000.0 2100.0 0.0
10.0 2100.0 2200.0 0.0
10.0 2200.0 2300.0 0.0
10.0 2300.0 2400.0 0.0
10.0 2400.0 2500.0 0.0
10.0 2500.0 2600.0 0.0
10.0 2600.0 2700.0 0.0
10.0 2700.0 2800.0 0.0
10.0 2800.0 2900.0 0.0
10.0 2900.0 3000.0 0.0
9.0 0.0 100.0 0.0008764411610363943
9.0 100.0 200.0 0.00045053849759958524
9.0 200.0 300.0 0.0006217116909171661
9.0 300.0 400.0 0.0008888566737649725
9.0 400.0 500.0 0.0012415921047793362
9.0 500.0 600.0 0.0013173170679595875
9.0 600.0 700.0 0.0008223731793713491
9.0 700.0 800.0 0.0009357590837551094
9.0 800.0 900.0 0.001008378957519714
9.0 900.0 1000.0 0.0003178246776992178
9.0 1000.0 1100.0 0.0006529279408487778
9.0 1100.0 1200.0 0.0005835513500241962
9.0 1200.0 1300.0 9.374862548687758e-05
9.0 1300.0 1400.0 0.0001409503407946608
9.0 1400.0 1500.0 1.9298541460844237e-05
9.0 1500.0 1600.0 3.4026871346254662e-06
9.0 1600.0 1700.0 0.0
9.0 1700.0 1800.0 2.5327419847585846e-05
9.0 1800.0 1900.0 0.0
9.0 1900.0 2000.0 0.0
9.0 2000.0 2100.0 0.0
9.0 2100.0 2200.0 0.0
9.0 2200.0 2300.0 0.0
9.0 2300.0 2400.0 0.0
9.0 2400.0 2500.0 0.0
9.0 2500.0 2600.0 0.0
9.0 2600.0 2700.0 0.0
9.0 2700.0 2800.0 0.0
9.0 2800.0 2900.0 0.0
9.0 2900.0 3000.0 0.0
8.0 0.0 100.0 0.001455329473878912
8.0 100.0 200.0 0.0007414141970852374
8.0 200.0 300.0 0.0006807113918354151
8.0 300.0 400.0 0.0011690202496268648
8.0 400.0 500.0 0.0009241599552146227
8.0 500.0 600.0 0.0011018276457208762
8.0 600.0 700.0 0.0011331483677372207
8.0 700.0 800.0 0.0006790455243573465
8.0 800.0 900.0 0.0008751169785836433
8.0 900.0 1000.0 0.00038621384817676976
8.0 1000.0 1100.0 0.00033912601222233564
8.0 1100.0 1200.0 0.00020581559123624747
8.0 1200.0 1300.0 0.00012609388271314154
8.0 1300.0 1400.0 9.126663002105635e-05
8.0 1400.0 1500.0 6.330189384453511e-05
8.0 1500.0 1600.0 2.7837278397048725e-05
8.0 1600.0 1700.0 2.3141567491230742e-07
8.0 1700.0 1800.0 0.0
8.0 1800.0 1900.0 3.396636738145668e-07
8.0 1900.0 2000.0 0.0
8.0 2000.0 2100.0 0.0
8.0 2100.0 2200.0 0.0
8.0 2200.0 2300.0 0.0
8.0 2300.0 2400.0 0.0
8.0 2400.0 2500.0 0.0
8.0 2500.0 2600.0 0.0
8.0 2600.0 2700.0 0.0
8.0 2700.0 2800.0 0.0
8.0 2800.0 2900.0 0.0
8.0 2900.0 3000.0 0.0
7.0 0.0 100.0 0.0016976196954322142
7.0 100.0 200.0 0.0007975560969175763
7.0 200.0 300.0 0.0007660143657160649
7.0 300.0 400.0 0.000932077989513888
7.0 400.0 500.0 0.0011767816978994813
7.0 500.0 600.0 0.0009816882040630998
7.0 600.0 700.0 0.001131969729328757
7.0 700.0 800.0 0.0007646344913281367
7.0 800.0 900.0 0.0006753080884530358
7.0 900.0 1000.0 0.00043144062272605676
7.0 1000.0 1100.0 0.00030771291464774255
7.0 1100.0 1200.0 0.00017051106482650835
7.0 1200.0 1300.0 0.00011569139158589815
7.0 1300.0 1400.0 3.4014095863419535e-05
7.0 1400.0 1500.0 1.942227827263232e-06
7.0 1500.0 1600.0 1.3808464291762557e-05
7.0 1600.0 1700.0 1.2347101838829475e-07
7.0 1700.0 1800.0 8.376664700504744e-07
7.0 1800.0 1900.0 7.095033158020389e-08
7.0 1900.0 2000.0 0.0
7.0 2000.0 2100.0 1.9677175907690335e-07
7.0 2100.0 2200.0 0.0
7.0 2200.0 2300.0 0.0
7.0 2300.0 2400.0 0.0
7.0 2400.0 2500.0 0.0
7.0 2500.0 2600.0 0.0
7.0 2600.0 2700.0 0.0
7.0 2700.0 2800.0 0.0
7.0 2800.0 2900.0 0.0
7.0 2900.0 3000.0 0.0
6.0 0.0 100.0 0.0020497335973033346
6.0 100.0 200.0 0.0008941569214388437
6.0 200.0 300.0 0.0008889228470298783
6.0 300.0 400.0 0.0010140174905355509
6.0 400.0 500.0 0.001109009709805888
6.0 500.0 600.0 0.0011249699443853017
6.0 600.0 700.0 0.0009542384649566523
6.0 700.0 800.0 0.000750055907233285
6.0 800.0 900.0 0.00048069477920214003
6.0 900.0 1000.0 0.0003181173162248092
6.0 1000.0 1100.0 0.00017725371405742023
6.0 1100.0 1200.0 0.00013615820612679447
6.0 1200.0 1300.0 5.326443978949194e-05
6.0 1300.0 1400.0 2.8332932221947493e-05
6.0 1400.0 1500.0 9.877416493333476e-06
6.0 1500.0 1600.0 8.319569208467003e-06
6.0 1600.0 1700.0 5.775118110147852e-07
6.0 1700.0 1800.0 1.1648476057752454e-07
6.0 1800.0 1900.0 2.147325149739739e-06
6.0 1900.0 2000.0 3.5422265529502e-08
6.0 2000.0 2100.0 0.0
6.0 2100.0 2200.0 0.0
6.0 2200.0 2300.0 0.0
6.0 2300.0 2400.0 0.0
6.0 2400.0 2500.0 0.0
6.0 2500.0 2600.0 0.0
6.0 2600.0 2700.0 0.0
6.0 2700.0 2800.0 0.0
6.0 2800.0 2900.0 0.0
6.0 2900.0 3000.0 0.0
5.0 0.0 100.0 0.002322783770238034
5.0 100.0 200.0 0.0008492463242733712
5.0 200.0 300.0 0.0009449342038457814
5.0 300.0 400.0 0.0011227853682644995
5.0 400.0 500.0 0.001194105890266852
5.0 500.0 600.0 0.001085728790804124
5.0 600.0 700.0 0.0008015371844505308
5.0 700.0 800.0 0.0006374502077799326
5.0 800.0 900.0 0.0004350758961513512
5.0 900.0 1000.0 0.0002265601066139945
5.0 1000.0 1100.0 0.00016942336375781985
5.0 1100.0 1200.0 8.6998804475105e-05
5.0 1200.0 1300.0 6.0400343189960714e-05
5.0 1300.0 1400.0 3.4081504695412376e-05
5.0 1400.0 1500.0 1.9851568019349106e-05
5.0 1500.0 1600.0 7.301654340273246e-06
5.0 1600.0 1700.0 1.5674193113629766e-06
5.0 1700.0 1800.0 8.220562939673212e-08
5.0 1800.0 1900.0 2.3662714067287453e-08
5.0 1900.0 2000.0 6.173117878140291e-08
5.0 2000.0 2100.0 0.0
5.0 2100.0 2200.0 0.0
5.0 2200.0 2300.0 0.0
5.0 2300.0 2400.0 0.0
5.0 2400.0 2500.0 0.0
5.0 2500.0 2600.0 0.0
5.0 2600.0 2700.0 0.0
5.0 2700.0 2800.0 0.0
5.0 2800.0 2900.0 0.0
5.0 2900.0 3000.0 0.0
