flares_data/data/ew_histogram/OIII4959-OIII5007.ecsv
# %ECSV 1.0
# ---
# datatype:
# - {name: z, datatype: float64}
# - {name: ew_bin_low, unit: Angstrom, datatype: float64, description: lower edge of EW bin}
# - {name: ew_bin_high, unit: Angstrom, datatype: float64, description: upper edge of EW bin}
# - {name: weighted density, datatype: float64}
# meta: !!omap
# - {name: FLARES}
# - lines: [OIII4959, OIII5007]
# - references: []
# schema: astropy-2.0
z ew_bin_low ew_bin_high "weighted density"
10.0 0.0 100.0 0.0012916558072052896
10.0 100.0 200.0 0.0007655157601593
10.0 200.0 300.0 0.0005044185068977603
10.0 300.0 400.0 0.0009062546738683946
10.0 400.0 500.0 0.0014096071412878451
10.0 500.0 600.0 0.0006884645413088891
10.0 600.0 700.0 0.0009644369349094518
10.0 700.0 800.0 0.0011289419075345298
10.0 800.0 900.0 0.0011613262433563445
10.0 900.0 1000.0 0.0002491066899921354
10.0 1000.0 1100.0 0.0004864070035066667
10.0 1100.0 1200.0 0.0001465915198016351
10.0 1200.0 1300.0 0.00015051854160582132
10.0 1300.0 1400.0 0.00014262343145983163
10.0 1400.0 1500.0 4.131297106105717e-06
10.0 1500.0 1600.0 0.0
10.0 1600.0 1700.0 0.0
10.0 1700.0 1800.0 0.0
10.0 1800.0 1900.0 0.0
10.0 1900.0 2000.0 0.0
10.0 2000.0 2100.0 0.0
10.0 2100.0 2200.0 0.0
10.0 2200.0 2300.0 0.0
10.0 2300.0 2400.0 0.0
10.0 2400.0 2500.0 0.0
10.0 2500.0 2600.0 0.0
10.0 2600.0 2700.0 0.0
10.0 2700.0 2800.0 0.0
10.0 2800.0 2900.0 0.0
10.0 2900.0 3000.0 0.0
9.0 0.0 100.0 0.001022009683261596
9.0 100.0 200.0 0.0006430609291999842
9.0 200.0 300.0 0.0009759663735724401
9.0 300.0 400.0 0.0014328996995769765
9.0 400.0 500.0 0.0014498511279694931
9.0 500.0 600.0 0.0008978625716705942
9.0 600.0 700.0 0.0012528052786214946
9.0 700.0 800.0 0.0007163310193551196
9.0 800.0 900.0 0.0007441314824197302
9.0 900.0 1000.0 0.0005136651501694865
9.0 1000.0 1100.0 0.00015269080844144303
9.0 1100.0 1200.0 0.00016939009097444884
9.0 1200.0 1300.0 6.0567778498197e-07
9.0 1300.0 1400.0 3.402687134625467e-06
9.0 1400.0 1500.0 0.0
9.0 1500.0 1600.0 2.532741984758585e-05
9.0 1600.0 1700.0 0.0
9.0 1700.0 1800.0 0.0
9.0 1800.0 1900.0 0.0
9.0 1900.0 2000.0 0.0
9.0 2000.0 2100.0 0.0
9.0 2100.0 2200.0 0.0
9.0 2200.0 2300.0 0.0
9.0 2300.0 2400.0 0.0
9.0 2400.0 2500.0 0.0
9.0 2500.0 2600.0 0.0
9.0 2600.0 2700.0 0.0
9.0 2700.0 2800.0 0.0
9.0 2800.0 2900.0 0.0
9.0 2900.0 3000.0 0.0
8.0 0.0 100.0 0.00177608087401613
8.0 100.0 200.0 0.0007196824535030535
8.0 200.0 300.0 0.0012095142764212425
8.0 300.0 400.0 0.0012062272485295292
8.0 400.0 500.0 0.0012321335686711575
8.0 500.0 600.0 0.001236232032028171
8.0 600.0 700.0 0.0007798314798418405
8.0 700.0 800.0 0.0007975767862434789
8.0 800.0 900.0 0.00043653636037784265
8.0 900.0 1000.0 0.00022898061239956004
8.0 1000.0 1100.0 0.00018951274122282988
8.0 1100.0 1200.0 0.00010791466406345164
8.0 1200.0 1300.0 7.79995353424421e-05
8.0 1300.0 1400.0 1.2062879905434289e-06
8.0 1400.0 1500.0 2.3141567491230768e-07
8.0 1500.0 1600.0 0.0
8.0 1600.0 1700.0 3.396636738145672e-07
8.0 1700.0 1800.0 0.0
8.0 1800.0 1900.0 0.0
8.0 1900.0 2000.0 0.0
8.0 2000.0 2100.0 0.0
8.0 2100.0 2200.0 0.0
8.0 2200.0 2300.0 0.0
8.0 2300.0 2400.0 0.0
8.0 2400.0 2500.0 0.0
8.0 2500.0 2600.0 0.0
8.0 2600.0 2700.0 0.0
8.0 2700.0 2800.0 0.0
8.0 2800.0 2900.0 0.0
8.0 2900.0 3000.0 0.0
7.0 0.0 100.0 0.0019844976573613563
7.0 100.0 200.0 0.0009283581885626899
7.0 200.0 300.0 0.0009260517081420864
7.0 300.0 400.0 0.0013176828714879967
7.0 400.0 500.0 0.0012491931757409632
7.0 500.0 600.0 0.0011583525432906966
7.0 600.0 700.0 0.0010351900666892588
7.0 700.0 800.0 0.0005418946255073339
7.0 800.0 900.0 0.0004014307960906305
7.0 900.0 1000.0 0.0002779164877440699
7.0 1000.0 1100.0 0.00011226303243799294
7.0 1100.0 1200.0 5.1223050133495886e-05
7.0 1200.0 1300.0 3.96771604111543e-06
7.0 1300.0 1400.0 1.087269220960599e-05
7.0 1400.0 1500.0 6.399478748431085e-08
7.0 1500.0 1600.0 7.736716825661634e-07
7.0 1600.0 1700.0 2.6772209065710717e-07
7.0 1700.0 1800.0 0.0
7.0 1800.0 1900.0 0.0
7.0 1900.0 2000.0 0.0
7.0 2000.0 2100.0 0.0
7.0 2100.0 2200.0 0.0
7.0 2200.0 2300.0 0.0
7.0 2300.0 2400.0 0.0
7.0 2400.0 2500.0 0.0
7.0 2500.0 2600.0 0.0
7.0 2600.0 2700.0 0.0
7.0 2700.0 2800.0 0.0
7.0 2800.0 2900.0 0.0
7.0 2900.0 3000.0 0.0
6.0 0.0 100.0 0.0023660987308934244
6.0 100.0 200.0 0.0009739397571770798
6.0 200.0 300.0 0.001094155438590959
6.0 300.0 400.0 0.001350138445086267
6.0 400.0 500.0 0.0012166002874896393
6.0 500.0 600.0 0.0011738492461399223
6.0 600.0 700.0 0.0007828801346787009
6.0 700.0 800.0 0.0004763900091398644
6.0 800.0 900.0 0.0002680347366172539
6.0 900.0 1000.0 0.00016883857433334554
6.0 1000.0 1100.0 6.184688884087039e-05
6.0 1100.0 1200.0 3.930939225821957e-05
6.0 1200.0 1300.0 1.9465410168458535e-05
6.0 1300.0 1400.0 5.721831461194054e-06
6.0 1400.0 1500.0 4.5996838044663593e-07
6.0 1500.0 1600.0 2.1502464161462894e-06
6.0 1600.0 1700.0 1.209023282078126e-07
6.0 1700.0 1800.0 0.0
6.0 1800.0 1900.0 0.0
6.0 1900.0 2000.0 0.0
6.0 2000.0 2100.0 0.0
6.0 2100.0 2200.0 0.0
6.0 2200.0 2300.0 0.0
6.0 2300.0 2400.0 0.0
6.0 2400.0 2500.0 0.0
6.0 2500.0 2600.0 0.0
6.0 2600.0 2700.0 0.0
6.0 2700.0 2800.0 0.0
6.0 2800.0 2900.0 0.0
6.0 2900.0 3000.0 0.0
5.0 0.0 100.0 0.002580648676150982
5.0 100.0 200.0 0.0009741543045070759
5.0 200.0 300.0 0.0011900211369077203
5.0 300.0 400.0 0.0014455032034861295
5.0 400.0 500.0 0.0012626940212876977
5.0 500.0 600.0 0.0009674416610597604
5.0 600.0 700.0 0.0006883329823242414
5.0 700.0 800.0 0.0004119545756620279
5.0 800.0 900.0 0.00021455619666481727
5.0 900.0 1000.0 0.0001143874673771891
5.0 1000.0 1100.0 9.254508236918938e-05
5.0 1100.0 1200.0 3.079038070729423e-05
5.0 1200.0 1300.0 1.9080246241863414e-05
5.0 1300.0 1400.0 7.271715990744818e-06
5.0 1400.0 1500.0 4.680842415104323e-07
5.0 1500.0 1600.0 6.487112890755357e-08
5.0 1600.0 1700.0 6.96097690813744e-08
5.0 1700.0 1800.0 1.5784123767315845e-08
5.0 1800.0 1900.0 0.0
5.0 1900.0 2000.0 0.0
5.0 2000.0 2100.0 0.0
5.0 2100.0 2200.0 0.0
5.0 2200.0 2300.0 0.0
5.0 2300.0 2400.0 0.0
5.0 2400.0 2500.0 0.0
5.0 2500.0 2600.0 0.0
5.0 2600.0 2700.0 0.0
5.0 2700.0 2800.0 0.0
5.0 2800.0 2900.0 0.0
5.0 2900.0 3000.0 0.0
