flares_data/data/ew_histogram/OIII5007.ecsv
# %ECSV 1.0
# ---
# datatype:
# - {name: z, datatype: float64}
# - {name: ew_bin_low, unit: Angstrom, datatype: float64, description: lower edge of EW bin}
# - {name: ew_bin_high, unit: Angstrom, datatype: float64, description: upper edge of EW bin}
# - {name: weighted density, datatype: float64}
# meta: !!omap
# - {name: FLARES}
# - lines: [OIII5007]
# - references: []
# schema: astropy-2.0
z ew_bin_low ew_bin_high "weighted density"
10.0 0.0 100.0 0.0016874641946598528
10.0 100.0 200.0 0.0006655241866682294
10.0 200.0 300.0 0.0009050257926471525
10.0 300.0 400.0 0.0018553281048298183
10.0 400.0 500.0 0.001085526963485791
10.0 500.0 600.0 0.0013737844221914063
10.0 600.0 700.0 0.0012556296307784493
10.0 700.0 800.0 0.00041351146353007
10.0 800.0 900.0 0.000459317476796599
10.0 900.0 1000.0 0.0002919118411750132
10.0 1000.0 1100.0 6.975923237618313e-06
10.0 1100.0 1200.0 0.0
10.0 1200.0 1300.0 0.0
10.0 1300.0 1400.0 0.0
10.0 1400.0 1500.0 0.0
10.0 1500.0 1600.0 0.0
10.0 1600.0 1700.0 0.0
10.0 1700.0 1800.0 0.0
10.0 1800.0 1900.0 0.0
10.0 1900.0 2000.0 0.0
10.0 2000.0 2100.0 0.0
10.0 2100.0 2200.0 0.0
10.0 2200.0 2300.0 0.0
10.0 2300.0 2400.0 0.0
10.0 2400.0 2500.0 0.0
10.0 2500.0 2600.0 0.0
10.0 2600.0 2700.0 0.0
10.0 2700.0 2800.0 0.0
10.0 2800.0 2900.0 0.0
10.0 2900.0 3000.0 0.0
9.0 0.0 100.0 0.0012274581456000932
9.0 100.0 200.0 0.0008324406114776206
9.0 200.0 300.0 0.0018236964604119708
9.0 300.0 400.0 0.0019123538277607127
9.0 400.0 500.0 0.0012339859585908093
9.0 500.0 600.0 0.001322650825339497
9.0 600.0 700.0 0.0008022814864207589
9.0 700.0 800.0 0.0006375470424092464
9.0 800.0 900.0 0.0001596181237280242
9.0 900.0 1000.0 2.0967258658828972e-05
9.0 1000.0 1100.0 1.6728397548522247e-06
9.0 1100.0 1200.0 2.532741984758585e-05
9.0 1200.0 1300.0 0.0
9.0 1300.0 1400.0 0.0
9.0 1400.0 1500.0 0.0
9.0 1500.0 1600.0 0.0
9.0 1600.0 1700.0 0.0
9.0 1700.0 1800.0 0.0
9.0 1800.0 1900.0 0.0
9.0 1900.0 2000.0 0.0
9.0 2000.0 2100.0 0.0
9.0 2100.0 2200.0 0.0
9.0 2200.0 2300.0 0.0
9.0 2300.0 2400.0 0.0
9.0 2400.0 2500.0 0.0
9.0 2500.0 2600.0 0.0
9.0 2600.0 2700.0 0.0
9.0 2700.0 2800.0 0.0
9.0 2800.0 2900.0 0.0
9.0 2900.0 3000.0 0.0
8.0 0.0 100.0 0.0019086430693734063
8.0 100.0 200.0 0.0013370435810475254
8.0 200.0 300.0 0.0016301675038588653
8.0 300.0 400.0 0.0016892893041555628
8.0 400.0 500.0 0.0012309342254431866
8.0 500.0 600.0 0.0011124084594521992
8.0 600.0 700.0 0.0005736662597417524
8.0 700.0 800.0 0.00025079985254548067
8.0 800.0 900.0 0.0001872708417003087
8.0 900.0 1000.0 7.817599045231096e-05
8.0 1000.0 1100.0 1.2612485555868383e-06
8.0 1100.0 1200.0 0.0
8.0 1200.0 1300.0 3.396636738145671e-07
8.0 1300.0 1400.0 0.0
8.0 1400.0 1500.0 0.0
8.0 1500.0 1600.0 0.0
8.0 1600.0 1700.0 0.0
8.0 1700.0 1800.0 0.0
8.0 1800.0 1900.0 0.0
8.0 1900.0 2000.0 0.0
8.0 2000.0 2100.0 0.0
8.0 2100.0 2200.0 0.0
8.0 2200.0 2300.0 0.0
8.0 2300.0 2400.0 0.0
8.0 2400.0 2500.0 0.0
8.0 2500.0 2600.0 0.0
8.0 2600.0 2700.0 0.0
8.0 2700.0 2800.0 0.0
8.0 2800.0 2900.0 0.0
8.0 2900.0 3000.0 0.0
7.0 0.0 100.0 0.002294822523933482
7.0 100.0 200.0 0.0010947439207584042
7.0 200.0 300.0 0.0016573547089231437
7.0 300.0 400.0 0.0016702346204625726
7.0 400.0 500.0 0.0014327502521504082
7.0 500.0 600.0 0.0009507917690171995
7.0 600.0 700.0 0.0005104366534347305
7.0 700.0 800.0 0.00027676419514031844
7.0 800.0 900.0 9.578941828328595e-05
7.0 900.0 1000.0 1.4806481696739891e-05
7.0 1000.0 1100.0 4.0006763900772967e-07
7.0 1100.0 1200.0 8.37666470050474e-07
7.0 1200.0 1300.0 2.677220906571071e-07
7.0 1300.0 1400.0 0.0
7.0 1400.0 1500.0 0.0
7.0 1500.0 1600.0 0.0
7.0 1600.0 1700.0 0.0
7.0 1700.0 1800.0 0.0
7.0 1800.0 1900.0 0.0
7.0 1900.0 2000.0 0.0
7.0 2000.0 2100.0 0.0
7.0 2100.0 2200.0 0.0
7.0 2200.0 2300.0 0.0
7.0 2300.0 2400.0 0.0
7.0 2400.0 2500.0 0.0
7.0 2500.0 2600.0 0.0
7.0 2600.0 2700.0 0.0
7.0 2700.0 2800.0 0.0
7.0 2800.0 2900.0 0.0
7.0 2900.0 3000.0 0.0
6.0 0.0 100.0 0.002713047868865872
6.0 100.0 200.0 0.0012822552361458994
6.0 200.0 300.0 0.0017209694401786391
6.0 300.0 400.0 0.0017159398247813362
6.0 400.0 500.0 0.001177324845524702
6.0 500.0 600.0 0.0008028131676423082
6.0 600.0 700.0 0.00034384183082487635
6.0 700.0 800.0 0.00015896063516124815
6.0 800.0 900.0 5.277286275190071e-05
6.0 900.0 1000.0 2.3790226271151698e-05
6.0 1000.0 1100.0 5.920545743700301e-06
6.0 1100.0 1200.0 1.926929096277269e-07
6.0 1200.0 1300.0 2.170823198737703e-06
6.0 1300.0 1400.0 0.0
6.0 1400.0 1500.0 0.0
6.0 1500.0 1600.0 0.0
6.0 1600.0 1700.0 0.0
6.0 1700.0 1800.0 0.0
6.0 1800.0 1900.0 0.0
6.0 1900.0 2000.0 0.0
6.0 2000.0 2100.0 0.0
6.0 2100.0 2200.0 0.0
6.0 2200.0 2300.0 0.0
6.0 2300.0 2400.0 0.0
6.0 2400.0 2500.0 0.0
6.0 2500.0 2600.0 0.0
6.0 2600.0 2700.0 0.0
6.0 2700.0 2800.0 0.0
6.0 2800.0 2900.0 0.0
6.0 2900.0 3000.0 0.0
5.0 0.0 100.0 0.002906502492521377
5.0 100.0 200.0 0.0013840244308564954
5.0 200.0 300.0 0.001813276356493113
5.0 300.0 400.0 0.0016001221472797774
5.0 400.0 500.0 0.001154689256383938
5.0 500.0 600.0 0.000631157365634879
5.0 600.0 700.0 0.0002745163364219594
5.0 700.0 800.0 0.0001394779595955719
5.0 800.0 900.0 6.899089787238185e-05
5.0 900.0 1000.0 2.0820565249796707e-05
5.0 1000.0 1100.0 6.108081940385939e-06
5.0 1100.0 1200.0 2.2871585747566406e-07
5.0 1200.0 1300.0 8.53938928486902e-08
5.0 1300.0 1400.0 0.0
5.0 1400.0 1500.0 0.0
5.0 1500.0 1600.0 0.0
5.0 1600.0 1700.0 0.0
5.0 1700.0 1800.0 0.0
5.0 1800.0 1900.0 0.0
5.0 1900.0 2000.0 0.0
5.0 2000.0 2100.0 0.0
5.0 2100.0 2200.0 0.0
5.0 2200.0 2300.0 0.0
5.0 2300.0 2400.0 0.0
5.0 2400.0 2500.0 0.0
5.0 2500.0 2600.0 0.0
5.0 2600.0 2700.0 0.0
5.0 2700.0 2800.0 0.0
5.0 2800.0 2900.0 0.0
5.0 2900.0 3000.0 0.0
