flares_data/data/scaling_relations/log10LFUV/beta.ecsv
# %ECSV 1.0
# ---
# datatype:
# - {name: z, datatype: float64}
# - {name: log10LFUV, unit: dex(erg / (Hz s)), datatype: float64, description: rest-frame dust-attenuated far-UV luminosity}
# - {name: N, datatype: int64, description: number of galaxies in bin}
# - {name: beta_P2.2, unit: '', datatype: float64, description: UV continuum slope (\beta)}
# - {name: beta_P15.8, unit: '', datatype: float64, description: UV continuum slope (\beta)}
# - {name: beta_P50.0, unit: '', datatype: float64, description: UV continuum slope (\beta)}
# - {name: beta_P84.2, unit: '', datatype: float64, description: UV continuum slope (\beta)}
# - {name: beta_P97.8, unit: '', datatype: float64, description: UV continuum slope (\beta)}
# meta: !!omap
# - {name: FLARES}
# - references: []
# - percentiles: [2.2, 15.8, 50.0, 84.2, 97.8]
# schema: astropy-2.0
z log10LFUV N beta_P2.2 beta_P15.8 beta_P50.0 beta_P84.2 beta_P97.8
15.0 28.1 71 -2.47 -2.45 -2.36 -2.33 -2.24
15.0 28.3 35 -2.42 -2.34 -2.34 -2.17 -2.12
15.0 28.5 8 -2.4 -2.29 -2.22 -2.18 -2.06
15.0 28.7 1 -1.95 -1.95 -1.95 -1.95 -1.95
14.0 28.1 195 -2.46 -2.46 -2.39 -2.31 -2.13
14.0 28.3 75 -2.46 -2.42 -2.39 -2.32 -2.16
14.0 28.5 21 -2.37 -2.37 -2.36 -2.21 -2.14
14.0 28.7 4 -2.27 -2.27 -2.26 -2.13 -2.09
14.0 28.9 3 -2.12 -2.12 -1.92 -1.87 -1.87
14.0 29.1 1 -1.84 -1.84 -1.84 -1.84 -1.84
13.0 28.1 430 -2.5 -2.46 -2.4 -2.32 -2.23
13.0 28.3 131 -2.46 -2.4 -2.34 -2.23 -2.0
13.0 28.5 39 -2.4 -2.39 -2.33 -2.14 -1.96
13.0 28.7 16 -2.23 -2.07 -2.06 -2.02 -1.94
13.0 28.9 5 -2.16 -2.1 -1.97 -1.85 -1.85
13.0 29.1 2 -2.02 -1.94 -1.69 -1.64 -1.64
12.0 28.1 663 -2.5 -2.44 -2.4 -2.31 -2.16
12.0 28.3 192 -2.44 -2.4 -2.38 -2.27 -1.89
12.0 28.5 69 -2.41 -2.26 -2.07 -2.06 -1.97
12.0 28.7 33 -2.29 -2.29 -2.24 -1.99 -1.89
12.0 28.9 10 -2.09 -2.02 -2.01 -1.84 -1.76
12.0 29.1 6 -2.33 -2.03 -1.99 -1.81 -1.81
11.0 28.1 895 -2.49 -2.43 -2.38 -2.29 -2.12
11.0 28.3 292 -2.45 -2.41 -2.34 -2.23 -2.0
11.0 28.5 98 -2.36 -2.32 -2.0 -1.88 -1.71
11.0 28.7 54 -2.32 -2.27 -2.02 -1.72 -1.72
11.0 28.9 26 -2.21 -2.03 -2.01 -1.97 -1.59
11.0 29.1 13 -2.12 -1.99 -1.88 -1.84 -1.83
11.0 29.3 2 -1.9 -1.85 -1.72 -1.71 -1.71
11.0 29.7 1 -1.98 -1.98 -1.98 -1.98 -1.98
10.0 28.1 1171 -2.48 -2.43 -2.37 -2.29 -2.18
10.0 28.3 409 -2.43 -2.39 -2.33 -2.27 -2.15
10.0 28.5 184 -2.43 -2.36 -2.26 -1.99 -1.87
10.0 28.7 100 -2.31 -2.3 -1.96 -1.83 -1.61
10.0 28.9 62 -2.26 -2.2 -2.04 -1.83 -1.65
10.0 29.1 32 -2.24 -2.08 -1.92 -1.72 -1.72
10.0 29.3 11 -2.15 -2.06 -1.88 -1.85 -1.82
10.0 29.5 1 -1.76 -1.76 -1.76 -1.76 -1.76
10.0 29.7 1 -1.85 -1.85 -1.85 -1.85 -1.85
9.0 28.1 1802 -2.49 -2.42 -2.36 -2.27 -2.18
9.0 28.3 661 -2.43 -2.39 -2.33 -2.24 -2.14
9.0 28.5 305 -2.4 -2.35 -2.25 -2.04 -1.76
9.0 28.7 193 -2.35 -2.24 -2.13 -1.96 -1.76
9.0 28.9 136 -2.28 -2.24 -2.09 -1.84 -1.66
9.0 29.1 74 -2.16 -2.0 -1.81 -1.64 -1.63
9.0 29.3 21 -2.24 -2.08 -1.94 -1.88 -1.79
9.0 29.5 6 -2.06 -2.05 -2.03 -1.91 -1.88
9.0 29.7 5 -1.98 -1.96 -1.9 -1.89 -1.87
8.0 28.1 2487 -2.48 -2.42 -2.34 -2.25 -2.15
8.0 28.3 1133 -2.44 -2.37 -2.3 -2.2 -2.06
8.0 28.5 532 -2.36 -2.3 -2.23 -2.07 -1.61
8.0 28.7 380 -2.33 -2.28 -2.13 -1.9 -1.67
8.0 28.9 261 -2.34 -2.12 -1.96 -1.75 -1.45
8.0 29.1 123 -2.32 -2.13 -2.04 -1.94 -1.81
8.0 29.3 63 -2.15 -2.11 -2.08 -1.87 -1.73
8.0 29.5 29 -2.05 -2.01 -1.93 -1.81 -1.69
8.0 29.7 11 -2.15 -1.96 -1.96 -1.93 -1.83
7.0 28.1 3443 -2.48 -2.4 -2.32 -2.21 -2.09
7.0 28.3 1771 -2.44 -2.36 -2.26 -2.17 -2.08
7.0 28.5 1063 -2.35 -2.29 -2.22 -2.1 -1.55
7.0 28.7 668 -2.37 -2.28 -2.17 -1.98 -1.56
7.0 28.9 524 -2.27 -2.13 -1.94 -1.81 -1.71
7.0 29.1 276 -2.11 -1.98 -1.87 -1.78 -1.64
7.0 29.3 134 -2.15 -2.0 -1.9 -1.79 -1.73
7.0 29.5 42 -2.08 -1.97 -1.94 -1.89 -1.81
7.0 29.7 22 -2.14 -2.09 -1.94 -1.9 -1.64
7.0 29.9 3 -2.03 -2.02 -1.99 -1.99 -1.99
7.0 30.1 1 -2.13 -2.13 -2.13 -2.13 -2.13
6.0 28.1 4727 -2.46 -2.39 -2.28 -2.16 -2.02
6.0 28.3 2768 -2.39 -2.32 -2.24 -2.13 -1.98
6.0 28.5 1798 -2.33 -2.27 -2.19 -2.07 -1.63
6.0 28.7 1228 -2.32 -2.23 -2.13 -1.88 -1.56
6.0 28.9 889 -2.26 -2.15 -1.9 -1.79 -1.64
6.0 29.1 537 -2.22 -2.15 -1.95 -1.83 -1.62
6.0 29.3 267 -2.33 -2.1 -1.93 -1.83 -1.75
6.0 29.5 116 -2.09 -2.02 -1.94 -1.83 -1.8
6.0 29.7 34 -2.18 -2.1 -1.98 -1.9 -1.76
6.0 29.9 14 -2.06 -2.01 -1.98 -1.98 -1.93
6.0 30.1 3 -2.1 -2.1 -2.02 -1.93 -1.92
5.0 28.1 6186 -2.42 -2.34 -2.22 -2.1 -1.98
5.0 28.3 4100 -2.37 -2.28 -2.17 -2.06 -1.91
5.0 28.5 2864 -2.32 -2.25 -2.15 -2.03 -1.6
5.0 28.7 2171 -2.29 -2.21 -2.08 -1.75 -1.56
5.0 28.9 1611 -2.26 -2.17 -1.9 -1.75 -1.54
5.0 29.1 862 -2.24 -2.12 -1.93 -1.79 -1.66
5.0 29.3 466 -2.1 -2.0 -1.91 -1.84 -1.74
5.0 29.5 192 -2.08 -2.05 -1.96 -1.78 -1.45
5.0 29.7 81 -2.19 -2.04 -1.96 -1.78 -1.75
5.0 29.9 25 -2.17 -2.15 -2.13 -1.99 -1.88
5.0 30.1 10 -2.17 -2.12 -2.06 -1.91 -1.76
5.0 30.3 1 -2.14 -2.14 -2.14 -2.14 -2.14
