flares_data/data/scaling_relations/log10LFUV/beta_intrinsic.ecsv
# %ECSV 1.0
# ---
# datatype:
# - {name: z, datatype: float64}
# - {name: log10LFUV, unit: dex(erg / (Hz s)), datatype: float64, description: rest-frame dust-attenuated far-UV luminosity}
# - {name: N, datatype: int64, description: number of galaxies in bin}
# - {name: beta_intrinsic_P2.2, unit: '', datatype: float64, description: intrinsic UV continuum slope (\beta)}
# - {name: beta_intrinsic_P15.8, unit: '', datatype: float64, description: intrinsic UV continuum slope (\beta)}
# - {name: beta_intrinsic_P50.0, unit: '', datatype: float64, description: intrinsic UV continuum slope (\beta)}
# - {name: beta_intrinsic_P84.2, unit: '', datatype: float64, description: intrinsic UV continuum slope (\beta)}
# - {name: beta_intrinsic_P97.8, unit: '', datatype: float64, description: intrinsic UV continuum slope (\beta)}
# meta: !!omap
# - {name: FLARES}
# - references: []
# - percentiles: [2.2, 15.8, 50.0, 84.2, 97.8]
# schema: astropy-2.0
z log10LFUV N beta_intrinsic_P2.2 beta_intrinsic_P15.8 beta_intrinsic_P50.0 beta_intrinsic_P84.2 beta_intrinsic_P97.8
15.0 28.1 71 -2.57 -2.57 -2.5 -2.49 -2.45
15.0 28.3 35 -2.58 -2.57 -2.54 -2.48 -2.45
15.0 28.5 8 -2.57 -2.56 -2.55 -2.54 -2.52
15.0 28.7 1 -2.53 -2.53 -2.53 -2.53 -2.53
14.0 28.1 195 -2.58 -2.56 -2.52 -2.49 -2.46
14.0 28.3 75 -2.58 -2.56 -2.53 -2.42 -2.42
14.0 28.5 21 -2.57 -2.55 -2.55 -2.55 -2.52
14.0 28.7 4 -2.56 -2.56 -2.54 -2.53 -2.53
14.0 28.9 3 -2.57 -2.57 -2.55 -2.51 -2.51
14.0 29.1 1 -2.54 -2.54 -2.54 -2.54 -2.54
13.0 28.1 430 -2.6 -2.58 -2.53 -2.48 -2.44
13.0 28.3 131 -2.57 -2.56 -2.52 -2.49 -2.45
13.0 28.5 39 -2.56 -2.54 -2.54 -2.54 -2.52
13.0 28.7 16 -2.56 -2.55 -2.55 -2.55 -2.53
13.0 28.9 5 -2.57 -2.57 -2.55 -2.48 -2.42
13.0 29.1 2 -2.56 -2.54 -2.48 -2.46 -2.46
12.0 28.1 663 -2.59 -2.57 -2.53 -2.46 -2.43
12.0 28.3 192 -2.58 -2.56 -2.55 -2.49 -2.45
12.0 28.5 69 -2.57 -2.55 -2.54 -2.53 -2.48
12.0 28.7 33 -2.56 -2.55 -2.55 -2.54 -2.47
12.0 28.9 10 -2.54 -2.52 -2.52 -2.49 -2.47
12.0 29.1 6 -2.55 -2.55 -2.48 -2.33 -2.33
11.0 28.1 895 -2.58 -2.56 -2.53 -2.47 -2.43
11.0 28.3 292 -2.57 -2.55 -2.52 -2.48 -2.45
11.0 28.5 98 -2.55 -2.54 -2.51 -2.46 -2.4
11.0 28.7 54 -2.55 -2.54 -2.52 -2.43 -2.42
11.0 28.9 26 -2.54 -2.52 -2.52 -2.49 -2.33
11.0 29.1 13 -2.55 -2.54 -2.49 -2.45 -2.35
11.0 29.3 2 -2.51 -2.5 -2.47 -2.47 -2.47
11.0 29.7 1 -2.54 -2.54 -2.54 -2.54 -2.54
10.0 28.1 1171 -2.58 -2.55 -2.51 -2.46 -2.41
10.0 28.3 409 -2.56 -2.54 -2.52 -2.48 -2.42
10.0 28.5 184 -2.55 -2.54 -2.52 -2.48 -2.4
10.0 28.7 100 -2.55 -2.54 -2.51 -2.43 -2.32
10.0 28.9 62 -2.55 -2.54 -2.51 -2.43 -2.21
10.0 29.1 32 -2.54 -2.54 -2.47 -2.43 -2.41
10.0 29.3 11 -2.55 -2.53 -2.4 -2.32 -2.23
10.0 29.5 1 -2.47 -2.47 -2.47 -2.47 -2.47
10.0 29.7 1 -2.33 -2.33 -2.33 -2.33 -2.33
9.0 28.1 1802 -2.58 -2.55 -2.51 -2.45 -2.39
9.0 28.3 661 -2.55 -2.53 -2.5 -2.46 -2.42
9.0 28.5 305 -2.55 -2.54 -2.51 -2.49 -2.43
9.0 28.7 193 -2.54 -2.54 -2.51 -2.45 -2.22
9.0 28.9 136 -2.55 -2.54 -2.51 -2.41 -2.37
9.0 29.1 74 -2.55 -2.51 -2.45 -2.3 -2.3
9.0 29.3 21 -2.55 -2.55 -2.35 -2.35 -2.34
9.0 29.5 6 -2.52 -2.52 -2.42 -2.34 -2.3
9.0 29.7 5 -2.45 -2.45 -2.39 -2.27 -2.22
8.0 28.1 2487 -2.57 -2.54 -2.5 -2.44 -2.36
8.0 28.3 1133 -2.55 -2.52 -2.49 -2.45 -2.38
8.0 28.5 532 -2.55 -2.52 -2.5 -2.46 -2.34
8.0 28.7 380 -2.53 -2.52 -2.5 -2.43 -2.21
8.0 28.9 261 -2.56 -2.53 -2.49 -2.28 -2.16
8.0 29.1 123 -2.54 -2.53 -2.51 -2.42 -2.29
8.0 29.3 63 -2.53 -2.5 -2.48 -2.35 -2.3
8.0 29.5 29 -2.53 -2.48 -2.44 -2.29 -2.12
8.0 29.7 11 -2.53 -2.43 -2.2 -2.16 -2.15
7.0 28.1 3443 -2.56 -2.53 -2.49 -2.44 -2.36
7.0 28.3 1771 -2.54 -2.51 -2.48 -2.43 -2.35
7.0 28.5 1063 -2.53 -2.5 -2.47 -2.43 -2.19
7.0 28.7 668 -2.54 -2.52 -2.49 -2.46 -2.3
7.0 28.9 524 -2.54 -2.52 -2.48 -2.37 -2.21
7.0 29.1 276 -2.52 -2.45 -2.39 -2.32 -2.26
7.0 29.3 134 -2.51 -2.47 -2.38 -2.35 -2.2
7.0 29.5 42 -2.5 -2.43 -2.4 -2.16 -2.09
7.0 29.7 22 -2.47 -2.39 -2.29 -2.22 -1.67
7.0 29.9 3 -2.39 -2.39 -2.31 -2.12 -2.08
7.0 30.1 1 -2.24 -2.24 -2.24 -2.24 -2.24
6.0 28.1 4727 -2.55 -2.52 -2.47 -2.41 -2.29
6.0 28.3 2768 -2.54 -2.51 -2.47 -2.41 -2.28
6.0 28.5 1798 -2.53 -2.5 -2.46 -2.41 -2.16
6.0 28.7 1228 -2.52 -2.5 -2.46 -2.4 -2.21
6.0 28.9 889 -2.51 -2.49 -2.45 -2.28 -2.19
6.0 29.1 537 -2.53 -2.5 -2.45 -2.3 -2.13
6.0 29.3 267 -2.52 -2.47 -2.39 -2.26 -2.19
6.0 29.5 116 -2.5 -2.42 -2.25 -2.12 -2.06
6.0 29.7 34 -2.49 -2.35 -2.23 -2.16 -1.92
6.0 29.9 14 -2.33 -2.25 -2.25 -2.23 -2.05
6.0 30.1 3 -2.29 -2.29 -2.23 -2.14 -2.08
5.0 28.1 6186 -2.54 -2.5 -2.45 -2.38 -2.27
5.0 28.3 4100 -2.52 -2.49 -2.44 -2.38 -2.29
5.0 28.5 2864 -2.52 -2.49 -2.44 -2.38 -2.23
5.0 28.7 2171 -2.52 -2.48 -2.44 -2.35 -2.12
5.0 28.9 1611 -2.52 -2.48 -2.42 -2.25 -2.03
5.0 29.1 862 -2.51 -2.48 -2.43 -2.28 -2.13
5.0 29.3 466 -2.49 -2.45 -2.34 -2.17 -2.05
5.0 29.5 192 -2.45 -2.42 -2.28 -2.11 -1.9
5.0 29.7 81 -2.43 -2.35 -2.18 -2.14 -2.07
5.0 29.9 25 -2.34 -2.33 -2.32 -2.19 -2.05
5.0 30.1 10 -2.43 -2.38 -2.21 -2.15 -2.04
5.0 30.3 1 -2.26 -2.26 -2.26 -2.26 -2.26
