flares_data/data/scaling_relations/log10LFUV/HI4861.ecsv
# %ECSV 1.0
# ---
# datatype:
# - {name: z, datatype: float64}
# - {name: log10Mstar, unit: dex(solMass), datatype: float64, description: log10(stellar mass)}
# - {name: N, datatype: int64}
# - {name: HI4861_log10L_P2.2, unit: dex(erg / s), datatype: float64, description: log10(HI4861 luminosity)}
# - {name: HI4861_log10EW_P2.2, unit: dex(Angstrom), datatype: float64, description: log10(HI4861 equivalent width)}
# - {name: HI4861_log10L_P15.8, unit: dex(erg / s), datatype: float64, description: log10(HI4861 luminosity)}
# - {name: HI4861_log10EW_P15.8, unit: dex(Angstrom), datatype: float64, description: log10(HI4861 equivalent width)}
# - {name: HI4861_log10L_P50.0, unit: dex(erg / s), datatype: float64, description: log10(HI4861 luminosity)}
# - {name: HI4861_log10EW_P50.0, unit: dex(Angstrom), datatype: float64, description: log10(HI4861 equivalent width)}
# - {name: HI4861_log10L_P84.2, unit: dex(erg / s), datatype: float64, description: log10(HI4861 luminosity)}
# - {name: HI4861_log10EW_P84.2, unit: dex(Angstrom), datatype: float64, description: log10(HI4861 equivalent width)}
# - {name: HI4861_log10L_P97.8, unit: dex(erg / s), datatype: float64, description: log10(HI4861 luminosity)}
# - {name: HI4861_log10EW_P97.8, unit: dex(Angstrom), datatype: float64, description: log10(HI4861 equivalent width)}
# meta: !!omap
# - {name: FLARES}
# - references: []
# - percentiles: [2.2, 15.8, 50.0, 84.2, 97.8]
# schema: astropy-2.0
z log10Mstar N HI4861_log10L_P2.2 HI4861_log10EW_P2.2 HI4861_log10L_P15.8 HI4861_log10EW_P15.8 HI4861_log10L_P50.0 HI4861_log10EW_P50.0 HI4861_log10L_P84.2 HI4861_log10EW_P84.2 HI4861_log10L_P97.8 HI4861_log10EW_P97.8
10.0 28.1 1171 40.86 1.73 41.16 2.08 41.34 2.35 41.46 2.5 41.53 2.62
10.0 28.3 409 41.12 1.67 41.38 2.12 41.54 2.3 41.65 2.47 41.71 2.55
10.0 28.5 184 41.19 1.45 41.54 1.97 41.64 2.19 41.78 2.34 41.86 2.55
10.0 28.7 100 41.62 1.5 41.7 1.75 41.81 2.06 41.94 2.22 41.97 2.33
10.0 28.9 62 41.71 1.43 41.96 1.83 42.14 2.15 42.22 2.23 42.25 2.3
10.0 29.1 32 42.2 1.7 42.2 1.89 42.35 2.05 42.39 2.31 42.39 2.33
10.0 29.3 11 42.27 1.6 42.43 1.91 42.45 2.0 42.52 2.21 42.64 2.24
10.0 29.5 1 42.55 1.9 42.55 1.9 42.55 1.9 42.55 1.9 42.55 1.9
9.0 28.1 1802 40.87 1.67 41.14 2.06 41.33 2.33 41.46 2.52 41.53 2.62
9.0 28.3 661 40.99 1.69 41.28 2.0 41.48 2.19 41.6 2.41 41.68 2.59
9.0 28.5 305 41.46 1.86 41.53 1.99 41.66 2.15 41.74 2.32 41.91 2.42
9.0 28.7 193 41.04 0.99 41.68 1.77 41.82 2.05 41.9 2.21 41.96 2.24
9.0 28.9 136 41.87 1.65 41.92 1.79 42.0 2.03 42.1 2.14 42.25 2.33
9.0 29.1 74 41.78 1.33 41.83 1.42 42.2 1.87 42.37 2.08 42.37 2.22
9.0 29.3 21 42.35 1.64 42.39 1.7 42.39 1.76 42.7 2.29 42.7 2.29
9.0 29.5 6 42.03 1.27 42.35 1.76 42.61 2.03 42.74 2.1 42.76 2.11
8.0 28.1 2487 40.78 1.5 41.08 1.9 41.31 2.29 41.43 2.5 41.53 2.63
8.0 28.3 1133 41.06 1.68 41.25 1.9 41.44 2.12 41.55 2.32 41.65 2.45
8.0 28.5 532 41.26 1.43 41.44 1.83 41.62 2.06 41.76 2.25 41.88 2.32
8.0 28.7 380 41.54 1.55 41.69 1.81 41.83 2.02 41.92 2.25 42.07 2.29
8.0 28.9 261 41.47 1.12 41.84 1.71 41.99 1.92 42.13 2.23 42.24 2.3
8.0 29.1 123 42.03 1.69 42.03 1.79 42.2 2.03 42.3 2.14 42.48 2.16
8.0 29.3 63 41.91 1.26 42.38 1.88 42.39 2.04 42.41 2.06 42.56 2.17
8.0 29.5 29 42.08 1.18 42.48 1.74 42.61 1.95 42.72 2.06 42.91 2.16
7.0 28.1 3443 40.54 1.32 41.03 1.85 41.28 2.18 41.42 2.43 41.5 2.6
7.0 28.3 1771 40.89 1.43 41.22 1.81 41.44 2.09 41.57 2.3 41.68 2.54
7.0 28.5 1063 41.27 1.33 41.46 1.82 41.6 2.03 41.72 2.15 41.82 2.32
7.0 28.7 668 41.39 1.53 41.7 1.86 41.81 2.04 41.94 2.15 42.0 2.31
7.0 28.9 524 41.68 1.39 41.85 1.66 41.98 1.9 42.12 2.13 42.27 2.25
7.0 29.1 276 41.95 1.5 42.07 1.71 42.16 1.82 42.29 1.97 42.38 2.11
7.0 29.3 134 42.17 1.54 42.2 1.62 42.34 1.79 42.42 1.94 42.53 2.08
7.0 29.5 42 42.38 1.61 42.55 1.69 42.56 1.77 42.59 1.83 42.72 2.06
7.0 29.7 22 41.83 0.66 42.67 1.74 42.78 1.81 42.84 1.89 42.86 1.96
7.0 29.9 3 42.71 1.51 42.74 1.57 42.84 1.76 42.9 1.77 42.9 1.77
6.0 28.1 4727 40.52 1.16 40.99 1.75 41.24 2.1 41.4 2.39 41.52 2.57
6.0 28.3 2768 40.91 1.31 41.23 1.8 41.4 2.02 41.55 2.24 41.65 2.43
6.0 28.5 1798 41.18 1.32 41.39 1.71 41.57 1.96 41.69 2.1 41.79 2.27
6.0 28.7 1228 41.4 1.19 41.59 1.63 41.77 1.91 41.9 2.1 41.97 2.21
6.0 28.9 889 41.66 1.38 41.82 1.61 41.97 1.83 42.06 2.03 42.18 2.16
6.0 29.1 537 41.92 1.42 42.07 1.7 42.18 1.84 42.27 2.03 42.37 2.16
6.0 29.3 267 42.1 1.49 42.25 1.61 42.32 1.78 42.45 1.94 42.54 2.14
6.0 29.5 116 42.1 1.22 42.44 1.58 42.54 1.71 42.63 1.9 42.69 2.06
6.0 29.7 34 42.06 1.03 42.54 1.51 42.65 1.71 42.79 1.88 42.88 2.0
6.0 29.9 14 42.75 1.59 42.84 1.59 42.84 1.59 42.85 1.61 42.92 1.75
5.0 28.1 6186 40.4 1.05 40.95 1.67 41.2 1.98 41.37 2.27 41.49 2.51
5.0 28.3 4100 40.85 1.34 41.17 1.68 41.38 1.93 41.53 2.16 41.63 2.38
5.0 28.5 2864 41.11 1.2 41.38 1.65 41.57 1.92 41.7 2.12 41.83 2.26
5.0 28.7 2171 41.31 1.23 41.57 1.52 41.74 1.85 41.88 2.05 41.99 2.22
5.0 28.9 1611 41.59 1.17 41.79 1.51 41.94 1.76 42.05 2.02 42.14 2.18
5.0 29.1 862 41.9 1.34 42.02 1.56 42.13 1.76 42.23 2.0 42.31 2.12
5.0 29.3 466 42.11 1.34 42.18 1.59 42.32 1.74 42.44 1.87 42.46 2.04
5.0 29.5 192 42.1 1.15 42.35 1.31 42.44 1.7 42.54 1.8 42.64 1.93
5.0 29.7 81 42.47 1.39 42.48 1.41 42.62 1.67 42.72 1.8 42.79 1.96
5.0 29.9 25 42.65 1.46 42.86 1.65 43.07 1.91 43.09 1.94 43.09 1.95
5.0 30.1 10 42.74 1.33 42.99 1.52 43.11 1.74 43.23 1.92 43.29 1.95
