flares_data/data/scaling_relations/log10LFUV/HI4861-OIII4959-OIII5007.ecsv
# %ECSV 1.0
# ---
# datatype:
# - {name: z, datatype: float64}
# - {name: log10Mstar, unit: dex(solMass), datatype: float64, description: log10(stellar mass)}
# - {name: N, datatype: int64}
# - {name: HI4861-OIII4959-OIII5007_log10L_P2.2, unit: dex(erg / s), datatype: float64, description: log10(HI4861-OIII4959-OIII5007 luminosity)}
# - {name: HI4861-OIII4959-OIII5007_log10EW_P2.2, unit: dex(Angstrom), datatype: float64, description: log10(HI4861-OIII4959-OIII5007
#     equivalent width)}
# - {name: HI4861-OIII4959-OIII5007_log10L_P15.8, unit: dex(erg / s), datatype: float64, description: log10(HI4861-OIII4959-OIII5007 luminosity)}
# - {name: HI4861-OIII4959-OIII5007_log10EW_P15.8, unit: dex(Angstrom), datatype: float64, description: log10(HI4861-OIII4959-OIII5007
#     equivalent width)}
# - {name: HI4861-OIII4959-OIII5007_log10L_P50.0, unit: dex(erg / s), datatype: float64, description: log10(HI4861-OIII4959-OIII5007 luminosity)}
# - {name: HI4861-OIII4959-OIII5007_log10EW_P50.0, unit: dex(Angstrom), datatype: float64, description: log10(HI4861-OIII4959-OIII5007
#     equivalent width)}
# - {name: HI4861-OIII4959-OIII5007_log10L_P84.2, unit: dex(erg / s), datatype: float64, description: log10(HI4861-OIII4959-OIII5007 luminosity)}
# - {name: HI4861-OIII4959-OIII5007_log10EW_P84.2, unit: dex(Angstrom), datatype: float64, description: log10(HI4861-OIII4959-OIII5007
#     equivalent width)}
# - {name: HI4861-OIII4959-OIII5007_log10L_P97.8, unit: dex(erg / s), datatype: float64, description: log10(HI4861-OIII4959-OIII5007 luminosity)}
# - {name: HI4861-OIII4959-OIII5007_log10EW_P97.8, unit: dex(Angstrom), datatype: float64, description: log10(HI4861-OIII4959-OIII5007
#     equivalent width)}
# meta: !!omap
# - {name: FLARES}
# - references: []
# - percentiles: [2.2, 15.8, 50.0, 84.2, 97.8]
# schema: astropy-2.0
z log10Mstar N HI4861-OIII4959-OIII5007_log10L_P2.2 HI4861-OIII4959-OIII5007_log10EW_P2.2 HI4861-OIII4959-OIII5007_log10L_P15.8 HI4861-OIII4959-OIII5007_log10EW_P15.8 HI4861-OIII4959-OIII5007_log10L_P50.0 HI4861-OIII4959-OIII5007_log10EW_P50.0 HI4861-OIII4959-OIII5007_log10L_P84.2 HI4861-OIII4959-OIII5007_log10EW_P84.2 HI4861-OIII4959-OIII5007_log10L_P97.8 HI4861-OIII4959-OIII5007_log10EW_P97.8
10.0 28.1 1171 41.47 2.32 41.77 2.72 41.92 2.94 42.13 3.15 42.27 3.29
10.0 28.3 409 41.79 2.49 42.02 2.79 42.19 2.97 42.34 3.12 42.47 3.27
10.0 28.5 184 42.09 2.34 42.34 2.85 42.45 2.99 42.53 3.06 42.66 3.17
10.0 28.7 100 42.46 2.34 42.51 2.5 42.61 2.88 42.8 3.03 42.83 3.08
10.0 28.9 62 42.39 2.11 42.83 2.69 42.97 2.98 43.06 3.08 43.09 3.12
10.0 29.1 32 43.0 2.58 43.01 2.73 43.27 2.97 43.28 3.17 43.28 3.18
10.0 29.3 11 43.08 2.38 43.23 2.71 43.29 2.83 43.38 3.09 43.54 3.14
10.0 29.5 1 43.45 2.8 43.45 2.8 43.45 2.8 43.45 2.8 43.45 2.8
9.0 28.1 1802 41.44 2.39 41.7 2.68 41.92 2.92 42.13 3.13 42.27 3.26
9.0 28.3 661 41.73 2.45 41.94 2.71 42.12 2.87 42.31 3.03 42.45 3.19
9.0 28.5 305 42.17 2.64 42.33 2.77 42.47 2.98 42.61 3.06 42.69 3.12
9.0 28.7 193 41.9 1.82 42.47 2.64 42.66 2.9 42.78 3.05 42.83 3.08
9.0 28.9 136 42.72 2.5 42.77 2.59 42.81 2.91 42.92 2.94 43.13 3.09
9.0 29.1 74 42.63 2.15 42.66 2.23 43.06 2.72 43.21 2.92 43.27 3.11
9.0 29.3 21 43.1 2.37 43.11 2.42 43.14 2.6 43.51 3.1 43.61 3.14
9.0 29.5 6 42.74 1.96 43.08 2.37 43.41 2.86 43.59 2.94 43.61 2.97
8.0 28.1 2487 41.33 2.21 41.68 2.56 41.92 2.88 42.11 3.09 42.22 3.25
8.0 28.3 1133 41.72 2.39 41.99 2.63 42.17 2.83 42.3 3.01 42.43 3.16
8.0 28.5 532 42.09 2.28 42.24 2.63 42.43 2.88 42.59 3.02 42.66 3.12
8.0 28.7 380 42.38 2.4 42.51 2.64 42.68 2.85 42.8 3.02 42.91 3.1
8.0 28.9 261 42.46 2.02 42.73 2.48 42.84 2.75 43.0 3.04 43.11 3.13
8.0 29.1 123 42.77 2.43 42.81 2.52 43.03 2.88 43.19 2.95 43.39 3.06
8.0 29.3 63 42.58 1.91 43.21 2.67 43.22 2.87 43.28 2.87 43.43 3.02
8.0 29.5 29 42.78 1.84 43.31 2.56 43.45 2.79 43.58 2.93 43.82 3.06
7.0 28.1 3443 41.28 1.99 41.62 2.54 41.92 2.83 42.12 3.06 42.29 3.22
7.0 28.3 1771 41.66 2.22 41.93 2.55 42.16 2.83 42.32 2.98 42.47 3.13
7.0 28.5 1063 42.11 2.17 42.26 2.6 42.41 2.82 42.54 2.96 42.66 3.08
7.0 28.7 668 42.21 2.39 42.5 2.72 42.65 2.87 42.76 2.96 42.92 3.05
7.0 28.9 524 42.42 2.03 42.66 2.46 42.86 2.77 43.01 2.96 43.14 3.11
7.0 29.1 276 42.67 2.15 42.83 2.55 43.02 2.62 43.11 2.81 43.26 2.95
7.0 29.3 134 42.97 2.31 43.07 2.46 43.18 2.64 43.28 2.78 43.42 2.93
7.0 29.5 42 43.14 2.37 43.31 2.44 43.35 2.51 43.42 2.65 43.55 2.9
7.0 29.7 22 42.17 0.97 43.47 2.49 43.6 2.58 43.65 2.7 43.71 2.73
7.0 29.9 3 43.41 2.16 43.43 2.23 43.57 2.46 43.65 2.5 43.65 2.5
6.0 28.1 4727 41.26 1.91 41.66 2.48 41.93 2.78 42.14 3.03 42.25 3.22
6.0 28.3 2768 41.68 2.09 41.99 2.56 42.17 2.79 42.33 2.97 42.47 3.11
6.0 28.5 1798 41.95 2.18 42.23 2.55 42.39 2.75 42.51 2.9 42.61 3.07
6.0 28.7 1228 42.22 2.02 42.43 2.48 42.61 2.74 42.73 2.91 42.82 3.04
6.0 28.9 889 42.42 2.1 42.63 2.38 42.83 2.68 42.92 2.89 43.04 2.94
6.0 29.1 537 42.73 2.23 42.91 2.51 43.02 2.69 43.14 2.87 43.29 3.0
6.0 29.3 267 42.89 2.24 43.02 2.39 43.14 2.59 43.28 2.78 43.41 2.95
6.0 29.5 116 42.79 1.88 43.22 2.29 43.28 2.48 43.47 2.73 43.58 2.92
6.0 29.7 34 42.85 1.77 43.32 2.2 43.43 2.43 43.56 2.65 43.65 2.78
6.0 29.9 14 43.53 2.24 43.58 2.26 43.59 2.31 43.61 2.34 43.66 2.52
5.0 28.1 6186 41.17 1.87 41.69 2.44 41.96 2.73 42.14 2.98 42.29 3.18
5.0 28.3 4100 41.62 2.09 41.98 2.48 42.19 2.73 42.33 2.92 42.46 3.11
5.0 28.5 2864 41.97 2.03 42.21 2.5 42.4 2.74 42.53 2.91 42.66 3.02
5.0 28.7 2171 42.16 1.91 42.43 2.37 42.59 2.68 42.73 2.86 42.85 3.01
5.0 28.9 1611 42.39 1.94 42.61 2.31 42.78 2.61 42.92 2.87 43.04 2.95
5.0 29.1 862 42.59 2.08 42.86 2.36 42.96 2.63 43.1 2.82 43.17 2.96
5.0 29.3 466 42.77 1.99 43.03 2.32 43.14 2.55 43.29 2.71 43.36 2.9
5.0 29.5 192 42.81 1.63 42.95 2.01 43.27 2.48 43.36 2.61 43.47 2.69
5.0 29.7 81 43.27 2.16 43.28 2.17 43.42 2.45 43.53 2.58 43.58 2.67
5.0 29.9 25 43.37 2.1 43.63 2.38 43.84 2.66 43.85 2.69 43.85 2.69
5.0 30.1 10 43.49 2.06 43.76 2.25 43.87 2.45 44.0 2.68 44.1 2.75
