flares_data/data/scaling_relations/log10LFUV/OIII4959.ecsv
# %ECSV 1.0
# ---
# datatype:
# - {name: z, datatype: float64}
# - {name: log10Mstar, unit: dex(solMass), datatype: float64, description: log10(stellar mass)}
# - {name: N, datatype: int64}
# - {name: OIII4959_log10L_P2.2, unit: dex(erg / s), datatype: float64, description: log10(OIII4959 luminosity)}
# - {name: OIII4959_log10EW_P2.2, unit: dex(Angstrom), datatype: float64, description: log10(OIII4959 equivalent width)}
# - {name: OIII4959_log10L_P15.8, unit: dex(erg / s), datatype: float64, description: log10(OIII4959 luminosity)}
# - {name: OIII4959_log10EW_P15.8, unit: dex(Angstrom), datatype: float64, description: log10(OIII4959 equivalent width)}
# - {name: OIII4959_log10L_P50.0, unit: dex(erg / s), datatype: float64, description: log10(OIII4959 luminosity)}
# - {name: OIII4959_log10EW_P50.0, unit: dex(Angstrom), datatype: float64, description: log10(OIII4959 equivalent width)}
# - {name: OIII4959_log10L_P84.2, unit: dex(erg / s), datatype: float64, description: log10(OIII4959 luminosity)}
# - {name: OIII4959_log10EW_P84.2, unit: dex(Angstrom), datatype: float64, description: log10(OIII4959 equivalent width)}
# - {name: OIII4959_log10L_P97.8, unit: dex(erg / s), datatype: float64, description: log10(OIII4959 luminosity)}
# - {name: OIII4959_log10EW_P97.8, unit: dex(Angstrom), datatype: float64, description: log10(OIII4959 equivalent width)}
# meta: !!omap
# - {name: FLARES}
# - references: []
# - percentiles: [2.2, 15.8, 50.0, 84.2, 97.8]
# schema: astropy-2.0
z log10Mstar N OIII4959_log10L_P2.2 OIII4959_log10EW_P2.2 OIII4959_log10L_P15.8 OIII4959_log10EW_P15.8 OIII4959_log10L_P50.0 OIII4959_log10EW_P50.0 OIII4959_log10L_P84.2 OIII4959_log10EW_P84.2 OIII4959_log10L_P97.8 OIII4959_log10EW_P97.8
10.0 28.1 1171 40.41 1.38 40.97 1.93 41.19 2.21 41.44 2.44 41.59 2.57
10.0 28.3 409 40.67 1.61 41.29 2.06 41.47 2.27 41.66 2.42 41.79 2.58
10.0 28.5 184 41.43 1.65 41.61 2.16 41.78 2.27 41.86 2.35 41.99 2.48
10.0 28.7 100 41.78 1.64 41.82 1.8 41.91 2.19 42.13 2.32 42.17 2.39
10.0 28.9 62 41.69 1.37 42.17 1.99 42.31 2.29 42.39 2.39 42.42 2.43
10.0 29.1 32 42.27 1.87 42.33 2.03 42.6 2.28 42.62 2.49 42.62 2.5
10.0 29.3 11 42.4 1.67 42.55 2.0 42.62 2.13 42.72 2.41 42.88 2.46
10.0 29.5 1 42.79 2.11 42.79 2.11 42.79 2.11 42.79 2.11 42.79 2.11
9.0 28.1 1802 40.25 1.25 40.92 1.87 41.21 2.18 41.43 2.43 41.6 2.56
9.0 28.3 661 40.5 1.43 41.2 1.92 41.41 2.14 41.63 2.33 41.78 2.5
9.0 28.5 305 41.46 1.91 41.65 2.08 41.78 2.28 41.94 2.37 42.04 2.43
9.0 28.7 193 41.23 1.11 41.75 1.94 42.0 2.21 42.12 2.37 42.17 2.4
9.0 28.9 136 42.03 1.79 42.1 1.89 42.15 2.21 42.25 2.25 42.47 2.4
9.0 29.1 74 41.96 1.44 41.99 1.52 42.39 2.02 42.54 2.22 42.6 2.43
9.0 29.3 21 42.38 1.65 42.4 1.69 42.44 1.9 42.85 2.41 42.95 2.45
9.0 29.5 6 42.04 1.22 42.39 1.64 42.73 2.16 42.92 2.25 42.94 2.28
8.0 28.1 2487 40.09 0.89 40.88 1.75 41.19 2.13 41.43 2.38 41.55 2.55
8.0 28.3 1133 40.79 1.56 41.29 1.91 41.48 2.12 41.62 2.3 41.76 2.47
8.0 28.5 532 41.42 1.58 41.55 1.94 41.75 2.18 41.92 2.33 41.99 2.43
8.0 28.7 380 41.69 1.69 41.82 1.95 42.0 2.16 42.14 2.32 42.26 2.41
8.0 28.9 261 41.79 1.32 42.07 1.79 42.15 2.06 42.34 2.34 42.44 2.44
8.0 29.1 123 42.09 1.7 42.12 1.81 42.36 2.19 42.53 2.26 42.74 2.38
8.0 29.3 63 41.88 1.16 42.54 1.97 42.56 2.17 42.62 2.18 42.77 2.33
8.0 29.5 29 42.07 1.09 42.64 1.86 42.78 2.1 42.91 2.24 43.16 2.38
7.0 28.1 3443 40.3 1.14 40.79 1.69 41.22 2.09 41.44 2.34 41.62 2.53
7.0 28.3 1771 40.86 1.5 41.22 1.81 41.47 2.1 41.64 2.28 41.79 2.42
7.0 28.5 1063 41.43 1.47 41.58 1.9 41.74 2.11 41.88 2.26 41.99 2.38
7.0 28.7 668 41.55 1.68 41.82 2.01 41.97 2.17 42.1 2.26 42.26 2.37
7.0 28.9 524 41.72 1.29 41.99 1.75 42.19 2.07 42.35 2.28 42.48 2.43
7.0 29.1 276 41.95 1.4 42.15 1.85 42.36 1.92 42.45 2.11 42.59 2.27
7.0 29.3 134 42.29 1.6 42.4 1.76 42.52 1.94 42.62 2.08 42.76 2.24
7.0 29.5 42 42.45 1.65 42.62 1.71 42.66 1.79 42.75 1.95 42.88 2.21
7.0 29.7 22 41.31 0.04 42.8 1.78 42.93 1.87 42.98 2.0 43.04 2.03
7.0 29.9 3 42.71 1.43 42.74 1.5 42.87 1.74 42.96 1.78 42.96 1.78
6.0 28.1 4727 40.29 1.09 40.92 1.68 41.23 2.06 41.46 2.32 41.58 2.51
6.0 28.3 2768 40.81 1.38 41.31 1.82 41.5 2.09 41.66 2.26 41.8 2.43
6.0 28.5 1798 41.25 1.44 41.53 1.84 41.71 2.05 41.84 2.21 41.95 2.36
6.0 28.7 1228 41.53 1.33 41.75 1.78 41.94 2.05 42.06 2.22 42.16 2.34
6.0 28.9 889 41.73 1.38 41.96 1.67 42.16 1.99 42.25 2.2 42.38 2.26
6.0 29.1 537 42.04 1.52 42.23 1.81 42.36 1.99 42.47 2.19 42.64 2.32
6.0 29.3 267 42.21 1.52 42.35 1.69 42.48 1.89 42.61 2.1 42.75 2.26
6.0 29.5 116 42.09 1.14 42.54 1.6 42.6 1.77 42.81 2.04 42.92 2.23
6.0 29.7 34 42.17 1.05 42.64 1.48 42.75 1.71 42.89 1.94 42.97 2.09
6.0 29.9 14 42.84 1.51 42.89 1.53 42.9 1.59 42.92 1.63 42.98 1.81
5.0 28.1 6186 40.27 1.01 40.98 1.7 41.28 2.01 41.47 2.27 41.63 2.49
5.0 28.3 4100 40.93 1.36 41.28 1.77 41.52 2.02 41.67 2.21 41.8 2.41
5.0 28.5 2864 41.29 1.33 41.54 1.79 41.73 2.04 41.86 2.22 41.99 2.32
5.0 28.7 2171 41.47 1.16 41.76 1.68 41.92 1.99 42.06 2.18 42.19 2.32
5.0 28.9 1611 41.69 1.2 41.94 1.6 42.11 1.92 42.25 2.17 42.37 2.26
5.0 29.1 862 41.88 1.32 42.19 1.66 42.3 1.94 42.44 2.13 42.51 2.26
5.0 29.3 466 42.06 1.23 42.35 1.62 42.47 1.85 42.63 2.01 42.7 2.22
5.0 29.5 192 42.13 0.85 42.2 1.28 42.59 1.78 42.7 1.91 42.81 1.99
5.0 29.7 81 42.59 1.45 42.61 1.45 42.76 1.74 42.85 1.89 42.91 1.97
5.0 29.9 25 42.68 1.37 42.95 1.67 43.16 1.95 43.17 1.98 43.17 1.98
5.0 30.1 10 42.8 1.35 43.08 1.53 43.19 1.73 43.33 1.97 43.43 2.05
