flares_data/data/scaling_relations/log10LFUV/OIII5007.ecsv
# %ECSV 1.0
# ---
# datatype:
# - {name: z, datatype: float64}
# - {name: log10Mstar, unit: dex(solMass), datatype: float64, description: log10(stellar mass)}
# - {name: N, datatype: int64}
# - {name: OIII5007_log10L_P2.2, unit: dex(erg / s), datatype: float64, description: log10(OIII5007 luminosity)}
# - {name: OIII5007_log10EW_P2.2, unit: dex(Angstrom), datatype: float64, description: log10(OIII5007 equivalent width)}
# - {name: OIII5007_log10L_P15.8, unit: dex(erg / s), datatype: float64, description: log10(OIII5007 luminosity)}
# - {name: OIII5007_log10EW_P15.8, unit: dex(Angstrom), datatype: float64, description: log10(OIII5007 equivalent width)}
# - {name: OIII5007_log10L_P50.0, unit: dex(erg / s), datatype: float64, description: log10(OIII5007 luminosity)}
# - {name: OIII5007_log10EW_P50.0, unit: dex(Angstrom), datatype: float64, description: log10(OIII5007 equivalent width)}
# - {name: OIII5007_log10L_P84.2, unit: dex(erg / s), datatype: float64, description: log10(OIII5007 luminosity)}
# - {name: OIII5007_log10EW_P84.2, unit: dex(Angstrom), datatype: float64, description: log10(OIII5007 equivalent width)}
# - {name: OIII5007_log10L_P97.8, unit: dex(erg / s), datatype: float64, description: log10(OIII5007 luminosity)}
# - {name: OIII5007_log10EW_P97.8, unit: dex(Angstrom), datatype: float64, description: log10(OIII5007 equivalent width)}
# meta: !!omap
# - {name: FLARES}
# - references: []
# - percentiles: [2.2, 15.8, 50.0, 84.2, 97.8]
# schema: astropy-2.0
z log10Mstar N OIII5007_log10L_P2.2 OIII5007_log10EW_P2.2 OIII5007_log10L_P15.8 OIII5007_log10EW_P15.8 OIII5007_log10L_P50.0 OIII5007_log10EW_P50.0 OIII5007_log10L_P84.2 OIII5007_log10EW_P84.2 OIII5007_log10L_P97.8 OIII5007_log10EW_P97.8
10.0 28.1 1171 40.88 1.87 41.45 2.44 41.67 2.7 41.91 2.94 42.07 3.06
10.0 28.3 409 41.15 2.11 41.76 2.56 41.94 2.76 42.13 2.92 42.27 3.07
10.0 28.5 184 41.9 2.16 42.08 2.67 42.25 2.78 42.33 2.85 42.47 2.98
10.0 28.7 100 42.26 2.15 42.3 2.28 42.39 2.7 42.61 2.82 42.65 2.91
10.0 28.9 62 42.16 1.88 42.64 2.51 42.79 2.79 42.86 2.89 42.9 2.93
10.0 29.1 32 42.75 2.39 42.8 2.54 43.08 2.79 43.1 2.99 43.1 3.0
10.0 29.3 11 42.88 2.18 43.03 2.51 43.09 2.64 43.19 2.91 43.36 2.97
10.0 29.5 1 43.27 2.63 43.27 2.63 43.27 2.63 43.27 2.63 43.27 2.63
9.0 28.1 1802 40.73 1.77 41.39 2.37 41.69 2.68 41.91 2.93 42.07 3.05
9.0 28.3 661 40.98 1.92 41.67 2.41 41.88 2.64 42.11 2.83 42.26 3.0
9.0 28.5 305 41.94 2.42 42.12 2.59 42.25 2.79 42.41 2.87 42.52 2.92
9.0 28.7 193 41.71 1.63 42.23 2.45 42.48 2.72 42.59 2.87 42.65 2.9
9.0 28.9 136 42.51 2.31 42.57 2.4 42.62 2.72 42.73 2.76 42.95 2.91
9.0 29.1 74 42.44 1.96 42.46 2.04 42.86 2.54 43.02 2.73 43.08 2.93
9.0 29.3 21 42.85 2.17 42.88 2.21 42.91 2.42 43.32 2.91 43.42 2.95
9.0 29.5 6 42.52 1.74 42.87 2.15 43.21 2.67 43.4 2.76 43.42 2.79
8.0 28.1 2487 40.56 1.38 41.36 2.24 41.66 2.63 41.9 2.88 42.02 3.05
8.0 28.3 1133 41.26 2.06 41.76 2.41 41.96 2.62 42.09 2.8 42.24 2.97
8.0 28.5 532 41.9 2.1 42.03 2.46 42.22 2.68 42.39 2.83 42.47 2.94
8.0 28.7 380 42.17 2.21 42.3 2.46 42.48 2.66 42.62 2.82 42.73 2.91
8.0 28.9 261 42.27 1.83 42.55 2.3 42.63 2.57 42.82 2.85 42.92 2.94
8.0 29.1 123 42.56 2.21 42.6 2.31 42.84 2.69 43.01 2.76 43.21 2.88
8.0 29.3 63 42.36 1.68 43.01 2.48 43.03 2.68 43.1 2.69 43.24 2.83
8.0 29.5 29 42.55 1.6 43.11 2.37 43.26 2.61 43.39 2.75 43.64 2.89
7.0 28.1 3443 40.78 1.64 41.27 2.19 41.69 2.6 41.91 2.84 42.09 3.02
7.0 28.3 1771 41.33 2.01 41.7 2.32 41.94 2.61 42.12 2.78 42.27 2.92
7.0 28.5 1063 41.9 1.98 42.05 2.41 42.21 2.61 42.35 2.76 42.47 2.88
7.0 28.7 668 42.02 2.19 42.29 2.51 42.44 2.68 42.57 2.77 42.73 2.87
7.0 28.9 524 42.2 1.8 42.46 2.26 42.67 2.58 42.82 2.78 42.96 2.93
7.0 29.1 276 42.43 1.91 42.63 2.36 42.83 2.43 42.92 2.62 43.07 2.77
7.0 29.3 134 42.77 2.11 42.88 2.27 42.99 2.45 43.1 2.59 43.24 2.74
7.0 29.5 42 42.93 2.17 43.1 2.22 43.14 2.3 43.23 2.46 43.36 2.72
7.0 29.7 22 41.78 0.55 43.27 2.29 43.41 2.38 43.46 2.51 43.51 2.54
7.0 29.9 3 43.18 1.93 43.21 2.01 43.35 2.25 43.44 2.29 43.44 2.29
6.0 28.1 4727 40.76 1.59 41.39 2.19 41.7 2.56 41.93 2.82 42.05 3.01
6.0 28.3 2768 41.27 1.88 41.78 2.33 41.97 2.59 42.13 2.76 42.28 2.93
6.0 28.5 1798 41.74 1.94 42.01 2.35 42.19 2.56 42.32 2.71 42.43 2.86
6.0 28.7 1228 42.0 1.84 42.23 2.29 42.42 2.56 42.54 2.72 42.64 2.84
6.0 28.9 889 42.21 1.89 42.43 2.18 42.63 2.5 42.73 2.71 42.85 2.76
6.0 29.1 537 42.51 2.03 42.71 2.32 42.84 2.5 42.95 2.69 43.11 2.83
6.0 29.3 267 42.69 2.03 42.82 2.2 42.95 2.39 43.09 2.61 43.22 2.77
6.0 29.5 116 42.56 1.66 43.02 2.11 43.08 2.28 43.28 2.55 43.39 2.74
6.0 29.7 34 42.64 1.57 43.11 1.99 43.22 2.22 43.36 2.45 43.45 2.6
6.0 29.9 14 43.32 2.01 43.36 2.04 43.38 2.1 43.39 2.14 43.46 2.32
5.0 28.1 6186 40.75 1.52 41.45 2.2 41.75 2.51 41.94 2.77 42.11 2.98
5.0 28.3 4100 41.41 1.87 41.75 2.28 41.99 2.53 42.14 2.71 42.27 2.91
5.0 28.5 2864 41.77 1.84 42.02 2.3 42.21 2.54 42.33 2.72 42.47 2.82
5.0 28.7 2171 41.95 1.67 42.24 2.19 42.4 2.5 42.54 2.68 42.67 2.82
5.0 28.9 1611 42.16 1.7 42.41 2.12 42.59 2.42 42.73 2.67 42.85 2.76
5.0 29.1 862 42.35 1.83 42.66 2.17 42.78 2.45 42.92 2.63 42.98 2.78
5.0 29.3 466 42.54 1.73 42.83 2.13 42.95 2.36 43.1 2.52 43.17 2.72
5.0 29.5 192 42.6 1.35 42.67 1.79 43.07 2.29 43.17 2.42 43.29 2.5
5.0 29.7 81 43.07 1.96 43.08 1.97 43.22 2.25 43.32 2.4 43.38 2.48
5.0 29.9 25 43.15 1.88 43.42 2.16 43.63 2.46 43.65 2.48 43.65 2.49
5.0 30.1 10 43.28 1.85 43.56 2.04 43.67 2.24 43.8 2.48 43.91 2.56
