flares_data/data/scaling_relations/log10LFUV/OIII4959-OIII5007.ecsv
# %ECSV 1.0
# ---
# datatype:
# - {name: z, datatype: float64}
# - {name: log10Mstar, unit: dex(solMass), datatype: float64, description: log10(stellar mass)}
# - {name: N, datatype: int64}
# - {name: OIII4959-OIII5007_log10L_P2.2, unit: dex(erg / s), datatype: float64, description: log10(OIII4959-OIII5007 luminosity)}
# - {name: OIII4959-OIII5007_log10EW_P2.2, unit: dex(Angstrom), datatype: float64, description: log10(OIII4959-OIII5007 equivalent width)}
# - {name: OIII4959-OIII5007_log10L_P15.8, unit: dex(erg / s), datatype: float64, description: log10(OIII4959-OIII5007 luminosity)}
# - {name: OIII4959-OIII5007_log10EW_P15.8, unit: dex(Angstrom), datatype: float64, description: log10(OIII4959-OIII5007 equivalent width)}
# - {name: OIII4959-OIII5007_log10L_P50.0, unit: dex(erg / s), datatype: float64, description: log10(OIII4959-OIII5007 luminosity)}
# - {name: OIII4959-OIII5007_log10EW_P50.0, unit: dex(Angstrom), datatype: float64, description: log10(OIII4959-OIII5007 equivalent width)}
# - {name: OIII4959-OIII5007_log10L_P84.2, unit: dex(erg / s), datatype: float64, description: log10(OIII4959-OIII5007 luminosity)}
# - {name: OIII4959-OIII5007_log10EW_P84.2, unit: dex(Angstrom), datatype: float64, description: log10(OIII4959-OIII5007 equivalent width)}
# - {name: OIII4959-OIII5007_log10L_P97.8, unit: dex(erg / s), datatype: float64, description: log10(OIII4959-OIII5007 luminosity)}
# - {name: OIII4959-OIII5007_log10EW_P97.8, unit: dex(Angstrom), datatype: float64, description: log10(OIII4959-OIII5007 equivalent width)}
# meta: !!omap
# - {name: FLARES}
# - references: []
# - percentiles: [2.2, 15.8, 50.0, 84.2, 97.8]
# schema: astropy-2.0
z log10Mstar N OIII4959-OIII5007_log10L_P2.2 OIII4959-OIII5007_log10EW_P2.2 OIII4959-OIII5007_log10L_P15.8 OIII4959-OIII5007_log10EW_P15.8 OIII4959-OIII5007_log10L_P50.0 OIII4959-OIII5007_log10EW_P50.0 OIII4959-OIII5007_log10L_P84.2 OIII4959-OIII5007_log10EW_P84.2 OIII4959-OIII5007_log10L_P97.8 OIII4959-OIII5007_log10EW_P97.8
10.0 28.1 1171 41.01 1.98 41.57 2.56 41.79 2.83 42.04 3.06 42.19 3.18
10.0 28.3 409 41.27 2.23 41.89 2.68 42.07 2.88 42.26 3.04 42.39 3.19
10.0 28.5 184 42.03 2.28 42.21 2.78 42.38 2.89 42.46 2.97 42.59 3.1
10.0 28.7 100 42.38 2.27 42.43 2.43 42.51 2.81 42.73 2.94 42.77 3.03
10.0 28.9 62 42.29 2.0 42.77 2.62 42.91 2.91 42.99 3.01 43.02 3.05
10.0 29.1 32 42.88 2.5 42.93 2.66 43.2 2.91 43.22 3.11 43.22 3.12
10.0 29.3 11 43.01 2.3 43.15 2.63 43.22 2.76 43.32 3.03 43.49 3.08
10.0 29.5 1 43.39 2.74 43.39 2.74 43.39 2.74 43.39 2.74 43.39 2.74
9.0 28.1 1802 40.85 1.89 41.52 2.49 41.81 2.8 42.03 3.05 42.2 3.17
9.0 28.3 661 41.1 2.05 41.8 2.53 42.01 2.76 42.23 2.95 42.38 3.12
9.0 28.5 305 42.07 2.54 42.25 2.7 42.38 2.91 42.54 2.99 42.64 3.04
9.0 28.7 193 41.84 1.75 42.36 2.57 42.6 2.84 42.72 2.99 42.77 3.02
9.0 28.9 136 42.63 2.42 42.7 2.52 42.75 2.84 42.85 2.87 43.07 3.03
9.0 29.1 74 42.56 2.08 42.59 2.15 42.99 2.65 43.14 2.84 43.2 3.05
9.0 29.3 21 42.98 2.28 43.0 2.32 43.04 2.53 43.45 3.03 43.55 3.07
9.0 29.5 6 42.65 1.86 42.99 2.27 43.34 2.79 43.53 2.88 43.54 2.91
8.0 28.1 2487 40.69 1.5 41.48 2.36 41.79 2.75 42.03 3.0 42.15 3.17
8.0 28.3 1133 41.39 2.18 41.89 2.53 42.08 2.74 42.22 2.92 42.36 3.09
8.0 28.5 532 42.02 2.22 42.16 2.57 42.35 2.8 42.52 2.95 42.6 3.06
8.0 28.7 380 42.3 2.32 42.43 2.57 42.6 2.78 42.74 2.94 42.86 3.03
8.0 28.9 261 42.39 1.95 42.68 2.42 42.75 2.69 42.94 2.96 43.05 3.06
8.0 29.1 123 42.69 2.33 42.73 2.43 42.97 2.81 43.13 2.88 43.34 3.0
8.0 29.3 63 42.48 1.79 43.14 2.6 43.16 2.79 43.22 2.81 43.37 2.95
8.0 29.5 29 42.68 1.72 43.24 2.49 43.39 2.72 43.52 2.87 43.77 3.0
7.0 28.1 3443 40.9 1.76 41.39 2.31 41.82 2.72 42.04 2.96 42.22 3.14
7.0 28.3 1771 41.46 2.13 41.82 2.43 42.07 2.73 42.24 2.9 42.4 3.04
7.0 28.5 1063 42.03 2.1 42.18 2.52 42.34 2.73 42.48 2.88 42.59 2.99
7.0 28.7 668 42.15 2.31 42.42 2.63 42.57 2.8 42.7 2.89 42.86 2.99
7.0 28.9 524 42.32 1.92 42.59 2.38 42.79 2.7 42.95 2.9 43.08 3.05
7.0 29.1 276 42.56 2.03 42.75 2.48 42.96 2.55 43.05 2.74 43.19 2.89
7.0 29.3 134 42.9 2.22 43.0 2.39 43.12 2.57 43.22 2.71 43.36 2.86
7.0 29.5 42 43.06 2.28 43.22 2.34 43.26 2.42 43.35 2.58 43.48 2.84
7.0 29.7 22 41.91 0.67 43.4 2.4 43.53 2.5 43.58 2.63 43.64 2.66
7.0 29.9 3 43.31 2.05 43.34 2.13 43.48 2.37 43.57 2.41 43.57 2.41
6.0 28.1 4727 40.89 1.71 41.52 2.31 41.83 2.68 42.06 2.94 42.18 3.13
6.0 28.3 2768 41.4 2.0 41.91 2.45 42.1 2.71 42.26 2.88 42.4 3.05
6.0 28.5 1798 41.86 2.06 42.13 2.47 42.32 2.68 42.44 2.83 42.55 2.98
6.0 28.7 1228 42.13 1.95 42.35 2.41 42.54 2.67 42.66 2.84 42.76 2.96
6.0 28.9 889 42.33 2.0 42.56 2.29 42.76 2.62 42.86 2.83 42.98 2.88
6.0 29.1 537 42.64 2.15 42.83 2.44 42.96 2.62 43.08 2.81 43.24 2.95
6.0 29.3 267 42.81 2.15 42.95 2.31 43.08 2.51 43.21 2.72 43.35 2.89
6.0 29.5 116 42.69 1.77 43.14 2.23 43.2 2.4 43.41 2.67 43.52 2.85
6.0 29.7 34 42.77 1.68 43.24 2.11 43.35 2.33 43.49 2.57 43.58 2.72
6.0 29.9 14 43.44 2.13 43.49 2.16 43.5 2.22 43.52 2.25 43.58 2.43
5.0 28.1 6186 40.87 1.63 41.58 2.32 41.88 2.63 42.07 2.89 42.23 3.1
5.0 28.3 4100 41.53 1.99 41.88 2.4 42.12 2.65 42.27 2.83 42.4 3.02
5.0 28.5 2864 41.89 1.96 42.14 2.41 42.34 2.66 42.46 2.84 42.6 2.94
5.0 28.7 2171 42.07 1.79 42.36 2.31 42.53 2.62 42.67 2.8 42.79 2.94
5.0 28.9 1611 42.29 1.82 42.54 2.23 42.71 2.54 42.86 2.79 42.97 2.88
5.0 29.1 862 42.48 1.95 42.79 2.29 42.9 2.56 43.04 2.75 43.11 2.89
5.0 29.3 466 42.67 1.85 42.95 2.25 43.08 2.47 43.23 2.64 43.3 2.84
5.0 29.5 192 42.73 1.47 42.8 1.91 43.19 2.4 43.3 2.53 43.41 2.62
5.0 29.7 81 43.19 2.08 43.21 2.08 43.34 2.37 43.45 2.51 43.51 2.59
5.0 29.9 25 43.28 1.99 43.55 2.28 43.76 2.57 43.77 2.6 43.77 2.6
5.0 30.1 10 43.4 1.97 43.68 2.16 43.79 2.36 43.93 2.59 44.03 2.67
