flares_data/data/scaling_relations/log10Mstar/beta.ecsv
# %ECSV 1.0
# ---
# datatype:
# - {name: z, datatype: float64}
# - {name: log10Mstar, unit: dex(Msol), datatype: float64, description: log10(stellar mass)}
# - {name: N, datatype: int64, description: number of galaxies in bin}
# - {name: beta_P2.2, unit: '', datatype: float64, description: UV continuum slope (\beta)}
# - {name: beta_P15.8, unit: '', datatype: float64, description: UV continuum slope (\beta)}
# - {name: beta_P50.0, unit: '', datatype: float64, description: UV continuum slope (\beta)}
# - {name: beta_P84.2, unit: '', datatype: float64, description: UV continuum slope (\beta)}
# - {name: beta_P97.8, unit: '', datatype: float64, description: UV continuum slope (\beta)}
# meta: !!omap
# - {name: FLARES}
# - references: []
# - percentiles: [2.2, 15.8, 50.0, 84.2, 97.8]
# schema: astropy-2.0
z log10Mstar N beta_P2.2 beta_P15.8 beta_P50.0 beta_P84.2 beta_P97.8
15.0 8.1 5 -2.22 -2.22 -2.19 -2.09 -2.06
15.0 8.7 1 -1.95 -1.95 -1.95 -1.95 -1.95
14.0 8.1 15 -2.36 -2.36 -2.34 -2.22 -2.1
14.0 8.3 11 -2.38 -2.25 -2.15 -2.08 -1.94
14.0 8.5 2 -2.12 -2.12 -1.99 -1.88 -1.88
14.0 9.1 2 -1.87 -1.86 -1.84 -1.84 -1.84
13.0 8.1 41 -2.35 -2.24 -2.22 -2.01 -2.0
13.0 8.3 24 -2.33 -2.19 -2.14 -2.0 -1.96
13.0 8.5 7 -2.07 -2.06 -2.06 -2.05 -1.92
13.0 8.7 8 -2.05 -2.02 -1.97 -1.81 -1.69
13.0 8.9 1 -1.96 -1.96 -1.96 -1.96 -1.96
13.0 9.1 1 -1.87 -1.87 -1.87 -1.87 -1.87
13.0 9.5 1 -1.64 -1.64 -1.64 -1.64 -1.64
12.0 8.1 83 -2.43 -2.32 -2.27 -2.19 -2.02
12.0 8.3 49 -2.29 -2.29 -2.16 -2.06 -1.89
12.0 8.5 27 -2.14 -2.03 -1.94 -1.91 -1.9
12.0 8.7 16 -2.27 -2.01 -2.0 -1.95 -1.65
12.0 8.9 8 -2.05 -2.02 -2.01 -1.99 -1.83
12.0 9.1 4 -1.99 -1.97 -1.69 -1.64 -1.64
12.0 9.3 2 -1.85 -1.85 -1.79 -1.76 -1.76
12.0 9.7 1 -1.81 -1.81 -1.81 -1.81 -1.81
11.0 8.1 195 -2.43 -2.39 -2.3 -2.14 -2.02
11.0 8.3 81 -2.37 -2.33 -2.31 -2.23 -2.11
11.0 8.5 53 -2.3 -2.17 -2.14 -2.12 -1.91
11.0 8.7 38 -2.11 -2.0 -1.99 -1.88 -1.88
11.0 8.9 15 -2.05 -2.02 -2.0 -1.92 -1.51
11.0 9.1 16 -2.01 -2.0 -1.83 -1.72 -1.72
11.0 9.3 8 -1.98 -1.93 -1.85 -1.68 -1.55
11.0 9.5 4 -1.92 -1.92 -1.78 -1.56 -1.53
11.0 9.9 2 -1.71 -1.68 -1.6 -1.59 -1.59
10.0 8.1 443 -2.4 -2.35 -2.3 -2.21 -2.14
10.0 8.3 174 -2.38 -2.31 -2.25 -2.18 -2.13
10.0 8.5 96 -2.31 -2.24 -2.12 -2.02 -1.96
10.0 8.7 49 -2.24 -2.07 -2.02 -1.97 -1.86
10.0 8.9 56 -2.14 -2.04 -1.88 -1.87 -1.74
10.0 9.1 30 -2.0 -1.85 -1.84 -1.79 -1.7
10.0 9.3 21 -1.92 -1.74 -1.72 -1.63 -1.61
10.0 9.5 14 -1.9 -1.83 -1.81 -1.79 -1.61
10.0 9.7 5 -1.91 -1.9 -1.87 -1.83 -1.76
10.0 10.1 2 -1.91 -1.91 -1.9 -1.86 -1.85
10.0 10.3 1 -1.85 -1.85 -1.85 -1.85 -1.85
9.0 8.1 940 -2.42 -2.37 -2.29 -2.21 -2.13
9.0 8.3 457 -2.39 -2.33 -2.27 -2.18 -2.04
9.0 8.5 237 -2.36 -2.29 -2.19 -2.09 -1.95
9.0 8.7 121 -2.25 -2.24 -2.13 -2.07 -1.81
9.0 8.9 73 -2.2 -2.1 -1.93 -1.76 -1.61
9.0 9.1 78 -2.25 -2.08 -2.07 -1.67 -1.65
9.0 9.3 55 -1.97 -1.89 -1.84 -1.82 -1.51
9.0 9.5 36 -2.02 -1.87 -1.76 -1.68 -1.42
9.0 9.7 14 -1.89 -1.71 -1.64 -1.63 -1.63
9.0 9.9 9 -1.94 -1.94 -1.94 -1.87 -1.84
9.0 10.1 6 -2.06 -1.94 -1.9 -1.9 -1.9
9.0 10.3 1 -1.75 -1.75 -1.75 -1.75 -1.75
9.0 10.5 1 -1.98 -1.98 -1.98 -1.98 -1.98
8.0 8.1 1880 -2.42 -2.35 -2.28 -2.19 -2.07
8.0 8.3 1091 -2.38 -2.33 -2.27 -2.19 -2.04
8.0 8.5 586 -2.34 -2.29 -2.23 -2.09 -2.01
8.0 8.7 267 -2.3 -2.28 -2.19 -2.09 -2.0
8.0 8.9 186 -2.31 -2.13 -2.02 -1.9 -1.78
8.0 9.1 118 -2.1 -2.04 -1.95 -1.66 -1.57
8.0 9.3 116 -2.14 -2.08 -1.81 -1.74 -1.61
8.0 9.5 83 -2.03 -1.94 -1.83 -1.75 -1.58
8.0 9.7 62 -2.0 -1.91 -1.76 -1.6 -1.47
8.0 9.9 35 -1.92 -1.85 -1.5 -1.45 -1.45
8.0 10.1 12 -2.06 -1.96 -1.83 -1.75 -1.75
8.0 10.3 9 -1.96 -1.83 -1.83 -1.72 -1.46
8.0 10.5 3 -1.96 -1.96 -1.95 -1.93 -1.92
8.0 10.7 1 -2.12 -2.12 -2.12 -2.12 -2.12
7.0 8.1 3686 -2.41 -2.34 -2.26 -2.15 -2.01
7.0 8.3 2154 -2.38 -2.32 -2.24 -2.16 -2.07
7.0 8.5 1350 -2.33 -2.28 -2.23 -2.14 -2.01
7.0 8.7 748 -2.32 -2.27 -2.18 -2.09 -1.99
7.0 8.9 397 -2.25 -2.17 -2.1 -1.97 -1.9
7.0 9.1 256 -2.19 -2.04 -1.92 -1.76 -1.68
7.0 9.3 212 -2.06 -1.92 -1.81 -1.64 -1.52
7.0 9.5 191 -1.98 -1.9 -1.82 -1.66 -1.56
7.0 9.7 150 -2.0 -1.96 -1.85 -1.66 -1.64
7.0 9.9 89 -1.97 -1.92 -1.73 -1.43 -1.37
7.0 10.1 58 -2.11 -1.99 -1.86 -1.79 -1.51
7.0 10.3 32 -2.09 -2.06 -1.81 -1.73 -1.5
7.0 10.5 16 -1.99 -1.94 -1.94 -1.83 -1.74
7.0 10.7 4 -1.97 -1.97 -1.95 -1.87 -1.84
7.0 10.9 1 -2.03 -2.03 -2.03 -2.03 -2.03
6.0 8.1 6719 -2.39 -2.31 -2.22 -2.09 -1.93
6.0 8.3 4107 -2.36 -2.31 -2.22 -2.11 -1.97
6.0 8.5 2721 -2.33 -2.27 -2.19 -2.1 -1.98
6.0 8.7 1706 -2.3 -2.24 -2.18 -2.09 -1.99
6.0 8.9 1012 -2.26 -2.18 -2.13 -1.99 -1.88
6.0 9.1 563 -2.28 -2.17 -2.05 -1.89 -1.75
6.0 9.3 376 -2.22 -2.01 -1.89 -1.75 -1.59
6.0 9.5 381 -2.1 -1.93 -1.84 -1.7 -1.55
6.0 9.7 310 -2.08 -1.96 -1.83 -1.67 -1.11
6.0 9.9 242 -2.0 -1.87 -1.78 -1.56 -1.38
6.0 10.1 179 -2.03 -1.93 -1.83 -1.61 -1.12
6.0 10.3 88 -2.08 -2.01 -1.9 -1.62 -1.29
6.0 10.5 53 -2.16 -1.96 -1.83 -1.75 -1.42
6.0 10.7 27 -2.09 -1.99 -1.97 -1.92 -1.75
6.0 10.9 7 -2.1 -2.09 -1.95 -1.92 -1.89
6.0 11.1 1 -1.92 -1.92 -1.92 -1.92 -1.92
5.0 8.1 10814 -2.37 -2.3 -2.17 -2.01 -1.82
5.0 8.3 7187 -2.34 -2.27 -2.17 -2.04 -1.87
5.0 8.5 4782 -2.32 -2.25 -2.16 -2.05 -1.92
5.0 8.7 3342 -2.29 -2.22 -2.15 -2.04 -1.9
5.0 8.9 2247 -2.28 -2.19 -2.1 -2.02 -1.89
5.0 9.1 1400 -2.23 -2.16 -2.06 -1.95 -1.81
5.0 9.3 801 -2.17 -2.1 -1.93 -1.74 -1.58
5.0 9.5 594 -2.08 -1.95 -1.83 -1.69 -1.56
5.0 9.7 635 -2.02 -1.91 -1.77 -1.64 -1.37
5.0 9.9 500 -2.0 -1.88 -1.75 -1.59 -0.71
5.0 10.1 463 -2.01 -1.93 -1.75 -1.31 -1.1
5.0 10.3 287 -2.04 -1.97 -1.82 -1.55 -1.36
5.0 10.5 148 -2.07 -2.01 -1.93 -1.76 -1.55
5.0 10.7 84 -2.15 -2.05 -1.81 -1.75 -1.48
5.0 10.9 33 -2.14 -1.98 -1.94 -1.93 -1.1
5.0 11.1 10 -2.01 -1.72 -1.65 -1.64 -1.64
5.0 11.3 2 -1.88 -1.85 -1.77 -1.76 -1.76
