flares_data/data/scaling_relations/log10Mstar/HI4861.ecsv
# %ECSV 1.0
# ---
# datatype:
# - {name: z, datatype: float64}
# - {name: log10Mstar, unit: dex(solMass), datatype: float64, description: log10(stellar mass)}
# - {name: N, datatype: int64}
# - {name: HI4861_log10L_P2.2, unit: dex(erg / s), datatype: float64, description: log10(HI4861 luminosity)}
# - {name: HI4861_log10EW_P2.2, unit: dex(Angstrom), datatype: float64, description: log10(HI4861 equivalent width)}
# - {name: HI4861_log10L_P15.8, unit: dex(erg / s), datatype: float64, description: log10(HI4861 luminosity)}
# - {name: HI4861_log10EW_P15.8, unit: dex(Angstrom), datatype: float64, description: log10(HI4861 equivalent width)}
# - {name: HI4861_log10L_P50.0, unit: dex(erg / s), datatype: float64, description: log10(HI4861 luminosity)}
# - {name: HI4861_log10EW_P50.0, unit: dex(Angstrom), datatype: float64, description: log10(HI4861 equivalent width)}
# - {name: HI4861_log10L_P84.2, unit: dex(erg / s), datatype: float64, description: log10(HI4861 luminosity)}
# - {name: HI4861_log10EW_P84.2, unit: dex(Angstrom), datatype: float64, description: log10(HI4861 equivalent width)}
# - {name: HI4861_log10L_P97.8, unit: dex(erg / s), datatype: float64, description: log10(HI4861 luminosity)}
# - {name: HI4861_log10EW_P97.8, unit: dex(Angstrom), datatype: float64, description: log10(HI4861 equivalent width)}
# meta: !!omap
# - {name: FLARES}
# - references: []
# - percentiles: [2.2, 15.8, 50.0, 84.2, 97.8]
# schema: astropy-2.0
z log10Mstar N HI4861_log10L_P2.2 HI4861_log10EW_P2.2 HI4861_log10L_P15.8 HI4861_log10EW_P15.8 HI4861_log10L_P50.0 HI4861_log10EW_P50.0 HI4861_log10L_P84.2 HI4861_log10EW_P84.2 HI4861_log10L_P97.8 HI4861_log10EW_P97.8
10.0 8.1 443 -inf -inf 40.88 1.84 41.29 2.09 41.6 2.24 41.8 2.38
10.0 8.3 174 -inf -inf -inf -inf 41.05 1.77 41.66 2.21 41.91 2.33
10.0 8.5 96 40.76 1.31 41.53 2.0 41.69 2.11 41.97 2.21 42.3 2.35
10.0 8.7 49 41.14 1.49 41.58 1.95 41.84 2.06 42.37 2.29 42.39 2.29
10.0 8.9 56 41.12 1.47 41.17 1.48 41.27 1.55 42.22 2.15 42.36 2.19
10.0 9.1 30 41.41 1.29 41.75 1.76 41.76 1.78 41.79 1.81 42.43 2.17
10.0 9.3 21 41.57 1.49 41.66 1.58 42.33 1.99 42.4 2.0 42.45 2.01
10.0 9.5 14 41.68 1.57 42.2 1.77 42.2 1.78 42.4 1.78 42.5 1.87
10.0 9.7 5 42.27 1.84 42.37 1.88 42.44 1.94 42.51 1.95 42.55 1.95
10.0 9.9 0 nan nan nan nan nan nan nan nan nan nan
10.0 10.1 2 41.69 1.42 41.69 1.42 41.74 1.44 42.14 1.55 42.27 1.59
9.0 8.1 940 -inf -inf 40.52 1.55 41.11 2.0 41.48 2.23 41.73 2.35
9.0 8.3 457 -inf -inf 40.82 1.68 41.34 2.03 41.59 2.19 41.79 2.23
9.0 8.5 237 40.85 1.42 41.17 1.76 41.67 2.07 41.88 2.19 42.08 2.3
9.0 8.7 121 41.57 1.85 41.75 1.99 41.82 2.03 41.93 2.13 42.11 2.24
9.0 8.9 73 41.03 1.33 41.7 1.86 41.89 1.97 42.1 2.09 42.36 2.22
9.0 9.1 78 41.07 -0.09 41.07 0.84 41.8 1.77 42.24 2.05 42.7 2.29
9.0 9.3 55 41.18 1.24 41.87 1.66 42.04 1.8 42.3 1.97 42.38 2.08
9.0 9.5 36 41.42 1.24 41.53 1.48 42.12 1.79 42.23 1.86 42.58 2.06
9.0 9.7 14 41.77 1.32 41.79 1.35 41.83 1.44 41.83 1.58 42.31 1.89
9.0 9.9 9 42.03 1.57 42.3 1.63 42.43 1.75 42.59 2.01 42.81 2.03
9.0 10.1 6 41.75 1.27 41.75 1.35 41.89 1.53 42.53 1.8 42.79 1.95
9.0 10.3 1 41.82 1.11 41.82 1.11 41.82 1.11 41.82 1.11 41.82 1.11
8.0 8.1 1880 -inf -inf 40.03 1.09 40.96 1.92 41.37 2.18 41.61 2.31
8.0 8.3 1091 -inf -inf 40.65 1.47 41.17 1.91 41.54 2.13 41.81 2.3
8.0 8.5 586 40.09 0.84 41.16 1.73 41.49 1.99 41.76 2.16 42.12 2.29
8.0 8.7 267 41.19 1.66 41.4 1.7 41.69 2.01 41.98 2.14 42.25 2.26
8.0 8.9 186 41.42 1.64 41.68 1.82 41.97 2.02 42.2 2.11 42.29 2.16
8.0 9.1 118 39.35 -0.38 41.24 1.43 41.9 1.8 42.23 2.02 42.47 2.14
8.0 9.3 116 40.75 0.82 41.88 1.75 42.01 1.82 42.39 2.04 42.41 2.09
8.0 9.5 83 41.42 1.45 41.76 1.59 41.99 1.71 42.22 1.91 42.76 2.08
8.0 9.7 62 41.36 1.26 41.82 1.49 42.0 1.76 42.4 1.91 42.61 1.98
8.0 9.9 35 41.29 1.09 41.39 1.12 41.54 1.21 42.14 1.65 42.8 2.02
8.0 10.1 12 41.57 1.26 41.57 1.26 42.26 1.72 42.54 1.82 42.76 2.0
8.0 10.3 9 41.54 0.6 42.16 1.34 42.2 1.7 42.6 1.79 42.77 1.82
8.0 10.5 3 42.51 1.58 42.51 1.58 42.51 1.58 42.56 1.63 42.58 1.65
7.0 8.1 3686 -inf -inf 39.63 0.74 40.91 1.9 41.29 2.17 41.59 2.32
7.0 8.3 2154 -inf -inf 40.6 1.42 41.1 1.89 41.49 2.14 41.77 2.3
7.0 8.5 1350 -inf -inf 40.89 1.58 41.41 1.95 41.64 2.11 41.85 2.19
7.0 8.7 748 40.82 1.27 41.36 1.76 41.63 1.94 41.84 2.09 42.11 2.19
7.0 8.9 397 41.44 1.69 41.59 1.85 41.9 2.01 42.07 2.1 42.22 2.15
7.0 9.1 256 40.62 1.04 41.51 1.61 41.89 1.82 42.08 1.98 42.3 2.11
7.0 9.3 212 41.0 1.07 41.4 1.47 41.87 1.72 42.17 1.91 42.36 2.07
7.0 9.5 191 39.81 -0.33 41.78 1.61 42.1 1.77 42.29 1.91 42.37 1.99
7.0 9.7 150 41.41 1.39 41.74 1.43 42.16 1.71 42.34 1.87 42.53 1.99
7.0 9.9 89 41.27 1.22 41.32 1.23 42.06 1.68 42.4 1.78 42.57 1.92
7.0 10.1 58 41.19 0.54 41.87 1.37 42.1 1.6 42.59 1.83 42.76 1.88
7.0 10.3 32 41.61 1.21 41.96 1.4 42.43 1.71 42.56 1.87 42.85 1.91
7.0 10.5 16 41.83 1.16 42.29 1.55 42.55 1.69 42.67 1.75 42.88 1.84
7.0 10.7 4 42.27 1.31 42.33 1.46 42.62 1.72 42.78 1.75 42.79 1.75
6.0 8.1 6719 -inf -inf -inf -inf 40.77 1.82 41.17 2.13 41.5 2.3
6.0 8.3 4107 -inf -inf 40.07 0.98 41.01 1.86 41.39 2.11 41.65 2.28
6.0 8.5 2721 -inf -inf 40.81 1.51 41.25 1.9 41.56 2.07 41.77 2.22
6.0 8.7 1706 39.98 0.63 41.11 1.61 41.46 1.88 41.72 2.06 41.95 2.17
6.0 8.9 1012 40.65 1.0 41.33 1.63 41.64 1.88 41.89 2.01 42.08 2.12
6.0 9.1 563 41.31 1.46 41.55 1.63 41.89 1.88 42.12 2.03 42.38 2.16
6.0 9.3 376 40.39 0.5 41.73 1.67 42.03 1.83 42.27 2.01 42.37 2.08
6.0 9.5 381 41.32 1.14 41.52 1.47 41.98 1.73 42.22 1.89 42.36 1.96
6.0 9.7 310 40.84 0.92 41.18 1.16 41.97 1.69 42.26 1.8 42.48 1.94
6.0 9.9 242 41.27 1.04 41.4 1.35 41.88 1.59 42.15 1.74 42.45 1.83
6.0 10.1 179 41.21 0.99 41.66 1.38 42.08 1.5 42.32 1.74 42.46 1.82
6.0 10.3 88 41.3 0.68 41.52 1.0 42.17 1.59 42.68 1.77 42.76 1.91
6.0 10.5 53 41.51 0.86 41.78 1.19 42.44 1.57 42.49 1.64 42.81 1.85
6.0 10.7 27 42.15 1.26 42.54 1.58 42.79 1.6 42.85 1.71 42.86 1.74
6.0 10.9 7 42.34 1.31 42.41 1.39 42.81 1.59 42.99 1.77 43.04 1.82
5.0 8.1 10814 -inf -inf -inf -inf 40.59 1.69 41.09 2.12 41.45 2.29
5.0 8.3 7187 -inf -inf 39.78 0.8 40.88 1.79 41.27 2.07 41.57 2.24
5.0 8.5 4782 -inf -inf 40.54 1.3 41.11 1.81 41.46 2.06 41.73 2.2
5.0 8.7 3342 39.68 0.42 41.0 1.55 41.36 1.85 41.65 2.03 41.87 2.18
5.0 8.9 2247 40.87 1.29 41.28 1.63 41.58 1.85 41.84 2.02 42.06 2.17
5.0 9.1 1400 41.14 1.32 41.44 1.58 41.75 1.81 42.02 2.01 42.19 2.12
5.0 9.3 801 40.99 1.19 41.54 1.51 41.83 1.74 42.09 1.93 42.28 2.04
5.0 9.5 594 40.76 0.76 41.65 1.5 41.94 1.7 42.19 1.83 42.36 1.97
5.0 9.7 635 41.03 0.99 41.56 1.41 41.87 1.59 42.21 1.75 42.46 1.89
5.0 9.9 500 39.78 -0.74 41.35 1.11 41.85 1.53 42.13 1.68 42.46 1.87
5.0 10.1 463 39.48 -0.37 41.04 0.77 41.89 1.47 42.39 1.74 42.59 1.83
5.0 10.3 287 40.89 0.35 41.63 1.27 42.04 1.54 42.41 1.7 42.62 1.82
5.0 10.5 148 41.35 0.91 42.03 1.35 42.32 1.6 42.61 1.73 42.7 1.8
5.0 10.7 84 41.6 0.81 42.13 1.39 42.48 1.41 42.73 1.77 43.09 1.94
5.0 10.9 33 41.57 0.68 42.28 1.46 42.3 1.54 42.73 1.64 43.14 1.86
5.0 11.1 10 42.35 1.15 42.35 1.15 42.37 1.16 42.52 1.21 43.11 1.64
