flares_data/data/scaling_relations/log10Mstar/HI4861-OIII4959-OIII5007.ecsv
# %ECSV 1.0
# ---
# datatype:
# - {name: z, datatype: float64}
# - {name: log10Mstar, unit: dex(solMass), datatype: float64, description: log10(stellar mass)}
# - {name: N, datatype: int64}
# - {name: HI4861-OIII4959-OIII5007_log10L_P2.2, unit: dex(erg / s), datatype: float64, description: log10(HI4861-OIII4959-OIII5007 luminosity)}
# - {name: HI4861-OIII4959-OIII5007_log10EW_P2.2, unit: dex(Angstrom), datatype: float64, description: log10(HI4861-OIII4959-OIII5007
#     equivalent width)}
# - {name: HI4861-OIII4959-OIII5007_log10L_P15.8, unit: dex(erg / s), datatype: float64, description: log10(HI4861-OIII4959-OIII5007 luminosity)}
# - {name: HI4861-OIII4959-OIII5007_log10EW_P15.8, unit: dex(Angstrom), datatype: float64, description: log10(HI4861-OIII4959-OIII5007
#     equivalent width)}
# - {name: HI4861-OIII4959-OIII5007_log10L_P50.0, unit: dex(erg / s), datatype: float64, description: log10(HI4861-OIII4959-OIII5007 luminosity)}
# - {name: HI4861-OIII4959-OIII5007_log10EW_P50.0, unit: dex(Angstrom), datatype: float64, description: log10(HI4861-OIII4959-OIII5007
#     equivalent width)}
# - {name: HI4861-OIII4959-OIII5007_log10L_P84.2, unit: dex(erg / s), datatype: float64, description: log10(HI4861-OIII4959-OIII5007 luminosity)}
# - {name: HI4861-OIII4959-OIII5007_log10EW_P84.2, unit: dex(Angstrom), datatype: float64, description: log10(HI4861-OIII4959-OIII5007
#     equivalent width)}
# - {name: HI4861-OIII4959-OIII5007_log10L_P97.8, unit: dex(erg / s), datatype: float64, description: log10(HI4861-OIII4959-OIII5007 luminosity)}
# - {name: HI4861-OIII4959-OIII5007_log10EW_P97.8, unit: dex(Angstrom), datatype: float64, description: log10(HI4861-OIII4959-OIII5007
#     equivalent width)}
# meta: !!omap
# - {name: FLARES}
# - references: []
# - percentiles: [2.2, 15.8, 50.0, 84.2, 97.8]
# schema: astropy-2.0
z log10Mstar N HI4861-OIII4959-OIII5007_log10L_P2.2 HI4861-OIII4959-OIII5007_log10EW_P2.2 HI4861-OIII4959-OIII5007_log10L_P15.8 HI4861-OIII4959-OIII5007_log10EW_P15.8 HI4861-OIII4959-OIII5007_log10L_P50.0 HI4861-OIII4959-OIII5007_log10EW_P50.0 HI4861-OIII4959-OIII5007_log10L_P84.2 HI4861-OIII4959-OIII5007_log10EW_P84.2 HI4861-OIII4959-OIII5007_log10L_P97.8 HI4861-OIII4959-OIII5007_log10EW_P97.8
10.0 8.1 443 -inf -inf 41.48 2.31 41.99 2.79 42.36 3.0 42.58 3.18
10.0 8.3 174 -inf -inf -inf -inf 41.81 2.53 42.51 3.02 42.63 3.07
10.0 8.5 96 41.65 2.25 42.43 2.88 42.5 2.93 42.83 3.03 43.01 3.12
10.0 8.7 49 42.07 2.4 42.47 2.84 42.71 2.91 43.25 3.17 43.27 3.18
10.0 8.9 56 42.08 2.31 42.09 2.34 42.2 2.41 43.06 2.98 43.22 3.04
10.0 9.1 30 42.09 2.21 42.51 2.46 42.52 2.52 42.66 2.6 43.31 3.05
10.0 9.3 21 42.43 2.33 42.54 2.43 43.24 2.9 43.28 2.92 43.29 2.93
10.0 9.5 14 42.55 2.44 43.04 2.57 43.05 2.62 43.25 2.65 43.35 2.71
10.0 9.7 5 43.15 2.66 43.19 2.7 43.26 2.76 43.39 2.79 43.45 2.8
10.0 9.9 0 nan nan nan nan nan nan nan nan nan nan
10.0 10.1 2 42.35 2.06 42.35 2.06 42.42 2.09 42.91 2.3 43.08 2.37
9.0 8.1 940 -inf -inf 41.23 2.2 41.89 2.74 42.22 3.0 42.5 3.12
9.0 8.3 457 -inf -inf 41.69 2.46 42.1 2.73 42.38 2.97 42.6 3.05
9.0 8.5 237 41.76 2.33 42.02 2.65 42.47 2.88 42.73 3.04 42.86 3.09
9.0 8.7 121 42.48 2.74 42.61 2.83 42.72 2.91 42.81 2.94 42.96 3.05
9.0 8.9 73 41.94 2.21 42.61 2.74 42.79 2.85 42.93 2.91 43.26 3.11
9.0 9.1 78 39.81 0.31 41.45 1.59 42.68 2.63 43.13 2.89 43.54 3.14
9.0 9.3 55 42.09 2.12 42.75 2.52 42.91 2.64 43.2 2.86 43.22 2.93
9.0 9.5 36 42.28 2.08 42.41 2.33 42.99 2.64 43.09 2.72 43.41 2.89
9.0 9.7 14 42.64 2.14 42.65 2.17 42.66 2.24 42.71 2.35 43.12 2.68
9.0 9.9 9 42.79 2.29 42.9 2.35 43.13 2.5 43.37 2.85 43.67 2.91
9.0 10.1 6 42.45 1.96 42.45 2.03 42.6 2.22 43.31 2.55 43.65 2.8
9.0 10.3 1 42.5 1.75 42.5 1.75 42.5 1.75 42.5 1.75 42.5 1.75
8.0 8.1 1880 -inf -inf 40.51 1.64 41.71 2.66 42.15 2.93 42.37 3.12
8.0 8.3 1091 -inf -inf 41.28 2.17 41.93 2.67 42.3 2.92 42.59 3.06
8.0 8.5 586 40.91 1.57 41.94 2.52 42.27 2.78 42.61 2.98 42.94 3.11
8.0 8.7 267 41.99 2.48 42.34 2.61 42.47 2.81 42.84 2.98 43.11 3.13
8.0 8.9 186 42.28 2.42 42.5 2.63 42.83 2.84 43.03 2.95 43.14 3.03
8.0 9.1 118 40.23 0.45 42.14 2.21 42.76 2.7 43.06 2.87 43.38 3.06
8.0 9.3 116 41.57 1.59 42.77 2.51 42.87 2.68 43.22 2.87 43.3 2.88
8.0 9.5 83 42.35 2.21 42.55 2.24 42.73 2.48 43.03 2.72 43.53 2.93
8.0 9.7 62 42.2 2.03 42.63 2.29 42.83 2.59 43.26 2.76 43.44 2.81
8.0 9.9 35 42.42 1.97 42.46 2.0 42.58 2.08 42.86 2.43 43.65 2.86
8.0 10.1 12 42.21 1.84 42.21 1.84 43.06 2.44 43.36 2.65 43.59 2.85
8.0 10.3 9 42.1 1.1 42.87 2.04 42.95 2.41 43.45 2.61 43.64 2.67
8.0 10.5 3 43.25 2.29 43.27 2.31 43.32 2.35 43.39 2.45 43.43 2.49
7.0 8.1 3686 -inf -inf 40.28 1.42 41.68 2.64 42.05 2.92 42.32 3.08
7.0 8.3 2154 -inf -inf 41.34 2.16 41.89 2.66 42.27 2.91 42.51 3.06
7.0 8.5 1350 -inf -inf 41.67 2.32 42.2 2.74 42.45 2.91 42.69 3.02
7.0 8.7 748 41.56 1.97 42.18 2.55 42.49 2.78 42.66 2.92 42.92 3.05
7.0 8.9 397 42.3 2.51 42.44 2.69 42.79 2.87 42.97 2.95 43.12 3.02
7.0 9.1 256 41.44 1.8 42.45 2.51 42.76 2.69 43.01 2.86 43.17 2.99
7.0 9.3 212 41.89 1.84 42.28 2.25 42.75 2.56 43.0 2.75 43.2 2.94
7.0 9.5 191 40.5 0.32 42.72 2.52 42.96 2.62 43.16 2.77 43.24 2.86
7.0 9.7 150 42.22 2.03 42.44 2.2 43.03 2.55 43.14 2.65 43.42 2.86
7.0 9.9 89 42.16 1.88 42.2 2.04 42.91 2.5 43.3 2.62 43.34 2.84
7.0 10.1 58 41.54 1.11 42.63 2.08 42.81 2.29 43.39 2.6 43.55 2.7
7.0 10.3 32 42.42 1.81 42.66 2.12 43.15 2.35 43.44 2.72 43.67 2.72
7.0 10.5 16 42.25 1.23 43.0 2.2 43.34 2.44 43.51 2.5 43.65 2.61
7.0 10.7 4 42.99 1.99 43.06 2.09 43.39 2.46 43.58 2.5 43.6 2.52
6.0 8.1 6719 -inf -inf -inf -inf 41.5 2.51 41.94 2.88 42.22 3.06
6.0 8.3 4107 -inf -inf 40.76 1.7 41.81 2.61 42.18 2.88 42.43 3.05
6.0 8.5 2721 -inf -inf 41.6 2.28 42.06 2.67 42.38 2.88 42.58 3.02
6.0 8.7 1706 40.84 1.48 41.94 2.42 42.3 2.69 42.55 2.86 42.74 2.97
6.0 8.9 1012 41.39 1.78 42.21 2.46 42.51 2.69 42.75 2.85 42.92 2.99
6.0 9.1 563 42.24 2.33 42.43 2.51 42.78 2.73 42.98 2.89 43.11 2.95
6.0 9.3 376 41.22 1.25 42.6 2.48 42.9 2.68 43.13 2.86 43.3 3.01
6.0 9.5 381 42.23 2.0 42.4 2.25 42.83 2.58 43.1 2.71 43.28 2.78
6.0 9.7 310 41.49 1.71 41.96 1.96 42.75 2.5 43.15 2.66 43.34 2.76
6.0 9.9 242 41.89 1.62 42.24 2.15 42.72 2.37 43.02 2.58 43.3 2.64
6.0 10.1 179 42.17 1.85 42.42 2.1 42.91 2.31 43.15 2.51 43.29 2.59
6.0 10.3 88 42.02 1.2 42.08 1.5 42.9 2.33 43.4 2.57 43.6 2.76
6.0 10.5 53 41.98 1.34 42.56 1.78 43.19 2.31 43.28 2.4 43.52 2.59
6.0 10.7 27 42.84 1.89 43.26 2.26 43.58 2.33 43.61 2.4 43.64 2.44
6.0 10.9 7 43.11 2.03 43.24 2.1 43.54 2.31 43.74 2.51 43.79 2.54
5.0 8.1 10814 -inf -inf -inf -inf 41.32 2.4 41.88 2.88 42.23 3.08
5.0 8.3 7187 -inf -inf 40.49 1.48 41.71 2.59 42.07 2.86 42.34 3.03
5.0 8.5 4782 -inf -inf 41.34 2.05 41.95 2.61 42.27 2.85 42.53 2.99
5.0 8.7 3342 40.47 1.16 41.83 2.35 42.19 2.65 42.46 2.85 42.71 3.0
5.0 8.9 2247 41.66 2.12 42.17 2.47 42.45 2.68 42.68 2.83 42.89 2.96
5.0 9.1 1400 42.05 2.21 42.31 2.42 42.63 2.66 42.89 2.84 43.05 2.94
5.0 9.3 801 41.91 2.03 42.43 2.37 42.73 2.61 43.0 2.78 43.13 2.88
5.0 9.5 594 41.53 1.52 42.55 2.35 42.81 2.53 43.07 2.68 43.19 2.78
5.0 9.7 635 41.88 1.74 42.43 2.23 42.72 2.41 43.08 2.61 43.35 2.75
5.0 9.9 500 40.28 -0.31 42.19 1.91 42.66 2.32 42.99 2.5 43.28 2.67
5.0 10.1 463 40.1 0.16 41.69 1.31 42.74 2.26 43.21 2.55 43.41 2.67
5.0 10.3 287 41.7 1.14 42.51 2.02 42.84 2.28 43.21 2.46 43.4 2.6
5.0 10.5 148 42.01 1.45 42.79 2.05 43.09 2.33 43.42 2.45 43.51 2.58
5.0 10.7 84 42.37 1.44 42.77 1.99 43.28 2.17 43.53 2.5 43.85 2.68
5.0 10.9 33 42.43 1.49 42.97 2.16 43.01 2.18 43.46 2.33 43.9 2.57
5.0 11.1 10 42.92 1.66 42.92 1.66 42.97 1.69 43.28 1.89 43.87 2.37
