flares_data/data/scaling_relations/log10Mstar/log10SFR100.ecsv
# %ECSV 1.0
# ---
# datatype:
# - {name: z, datatype: float64}
# - {name: log10Mstar, unit: dex(solMass), datatype: float64, description: 'log_{{10}}(M_{\star}/M_{\odot})'}
# - {name: N, datatype: int64}
# - {name: log10SFR100_P2.2, unit: dex(solMass / yr), datatype: float64, description: '\log_{10}(SFR_{ 100 }/M_{\odot}\ yr^{-1})'}
# - {name: log10SFR100_P15.8, unit: dex(solMass / yr), datatype: float64, description: '\log_{10}(SFR_{ 100 }/M_{\odot}\ yr^{-1})'}
# - {name: log10SFR100_P50.0, unit: dex(solMass / yr), datatype: float64, description: '\log_{10}(SFR_{ 100 }/M_{\odot}\ yr^{-1})'}
# - {name: log10SFR100_P84.2, unit: dex(solMass / yr), datatype: float64, description: '\log_{10}(SFR_{ 100 }/M_{\odot}\ yr^{-1})'}
# - {name: log10SFR100_P97.8, unit: dex(solMass / yr), datatype: float64, description: '\log_{10}(SFR_{ 100 }/M_{\odot}\ yr^{-1})'}
# meta: !!omap
# - {name: FLARES}
# - references: []
# - percentiles: [2.2, 15.8, 50.0, 84.2, 97.8]
# schema: astropy-2.0
z log10Mstar N log10SFR100_P2.2 log10SFR100_P15.8 log10SFR100_P50.0 log10SFR100_P84.2 log10SFR100_P97.8
10.0 8.1 443 -0.41 -0.19 -0.08 0.04 0.2
10.0 8.3 174 -0.07 0.04 0.2 0.29 0.34
10.0 8.5 96 0.12 0.32 0.4 0.54 0.58
10.0 8.7 49 0.43 0.44 0.62 0.75 0.75
10.0 8.9 56 0.66 0.66 0.74 0.86 0.94
10.0 9.1 30 0.98 0.98 0.98 0.99 1.12
10.0 9.3 21 1.19 1.26 1.34 1.37 1.38
10.0 9.5 14 1.38 1.51 1.51 1.52 1.52
10.0 9.7 5 1.54 1.59 1.63 1.67 1.69
10.0 9.9 0 nan nan nan nan nan
10.0 10.1 2 1.89 1.89 1.91 2.06 2.12
9.0 8.1 940 -0.59 -0.28 -0.13 0.02 0.11
9.0 8.3 457 -0.36 -0.05 0.09 0.21 0.27
9.0 8.5 237 -0.36 0.13 0.38 0.47 0.5
9.0 8.7 121 0.37 0.47 0.56 0.75 0.78
9.0 8.9 73 0.62 0.74 0.8 0.87 0.97
9.0 9.1 78 0.83 0.92 0.95 1.14 1.15
9.0 9.3 55 0.99 1.23 1.29 1.32 1.32
9.0 9.5 36 1.29 1.35 1.4 1.47 1.53
9.0 9.7 14 1.51 1.65 1.65 1.69 1.7
9.0 9.9 9 1.62 1.65 1.71 1.78 1.89
9.0 10.1 6 1.78 1.78 1.82 2.03 2.11
9.0 10.3 1 2.07 2.07 2.07 2.07 2.07
8.0 8.1 1880 -0.78 -0.42 -0.21 -0.04 0.06
8.0 8.3 1091 -0.57 -0.09 0.04 0.15 0.26
8.0 8.5 586 -0.11 0.14 0.28 0.4 0.5
8.0 8.7 267 0.31 0.41 0.53 0.62 0.67
8.0 8.9 186 0.64 0.73 0.79 0.85 0.89
8.0 9.1 118 -0.09 0.9 0.97 1.08 1.11
8.0 9.3 116 0.97 1.13 1.19 1.22 1.32
8.0 9.5 83 1.26 1.28 1.36 1.45 1.53
8.0 9.7 62 1.2 1.28 1.56 1.65 1.68
8.0 9.9 35 1.46 1.47 1.5 1.83 2.01
8.0 10.1 12 1.49 1.49 1.85 2.03 2.14
8.0 10.3 9 1.76 2.02 2.11 2.22 2.25
8.0 10.5 3 2.33 2.33 2.33 2.33 2.33
7.0 8.1 3686 -0.96 -0.5 -0.29 -0.11 0.01
7.0 8.3 2154 -0.49 -0.23 -0.04 0.09 0.21
7.0 8.5 1350 -0.5 0.01 0.17 0.32 0.43
7.0 8.7 748 -0.0 0.27 0.42 0.54 0.65
7.0 8.9 397 0.41 0.45 0.68 0.78 0.86
7.0 9.1 256 -0.33 0.81 0.94 1.03 1.08
7.0 9.3 212 0.54 1.03 1.13 1.22 1.27
7.0 9.5 191 1.1 1.27 1.37 1.42 1.49
7.0 9.7 150 1.22 1.32 1.47 1.63 1.65
7.0 9.9 89 1.0 1.27 1.68 1.82 1.91
7.0 10.1 58 1.49 1.77 1.87 1.98 2.04
7.0 10.3 32 0.4 1.62 1.94 2.17 2.28
7.0 10.5 16 2.0 2.02 2.06 2.29 2.41
7.0 10.7 4 2.17 2.21 2.39 2.45 2.45
6.0 8.1 6719 -1.04 -0.65 -0.39 -0.2 -0.07
6.0 8.3 4107 -0.73 -0.34 -0.14 0.01 0.16
6.0 8.5 2721 -0.38 -0.08 0.09 0.22 0.36
6.0 8.7 1706 -0.1 0.14 0.31 0.44 0.56
6.0 8.9 1012 -0.02 0.34 0.56 0.66 0.77
6.0 9.1 563 0.45 0.63 0.79 0.93 1.01
6.0 9.3 376 0.24 0.99 1.09 1.18 1.25
6.0 9.5 381 0.54 1.1 1.26 1.39 1.47
6.0 9.7 310 1.15 1.32 1.45 1.55 1.66
6.0 9.9 242 1.12 1.42 1.55 1.72 1.79
6.0 10.1 179 1.18 1.54 1.76 1.87 1.95
6.0 10.3 88 1.32 1.72 1.89 2.09 2.29
6.0 10.5 53 1.42 2.02 2.18 2.26 2.34
6.0 10.7 27 2.06 2.12 2.51 2.53 2.54
6.0 10.9 7 2.05 2.22 2.45 2.65 2.69
5.0 8.1 10814 -1.43 -0.78 -0.49 -0.28 -0.11
5.0 8.3 7187 -0.95 -0.49 -0.25 -0.06 0.08
5.0 8.5 4782 -0.48 -0.2 -0.02 0.14 0.29
5.0 8.7 3342 -0.26 0.02 0.19 0.35 0.49
5.0 8.9 2247 0.08 0.23 0.41 0.55 0.69
5.0 9.1 1400 0.36 0.51 0.68 0.8 0.97
5.0 9.3 801 0.42 0.74 0.94 1.07 1.17
5.0 9.5 594 0.79 1.03 1.2 1.33 1.4
5.0 9.7 635 0.97 1.19 1.37 1.52 1.59
5.0 9.9 500 1.01 1.27 1.49 1.59 1.68
5.0 10.1 463 0.11 1.44 1.64 1.83 1.98
5.0 10.3 287 1.25 1.58 1.8 1.95 2.24
5.0 10.5 148 0.89 1.87 1.97 2.34 2.34
5.0 10.7 84 1.4 1.89 2.21 2.35 2.4
5.0 10.9 33 1.83 2.06 2.08 2.22 2.49
5.0 11.1 10 1.98 2.0 2.07 2.08 2.47
