flares_data/data/scaling_relations/log10Mstar/log10FUV_intrinsic.ecsv
# %ECSV 1.0
# ---
# datatype:
# - {name: z, datatype: float64}
# - {name: log10Mstar, unit: dex(solMass), datatype: float64, description: 'log_{{10}}(M_{\star}/M_{\odot})'}
# - {name: N, datatype: int64}
# - {name: log10FUV_intrinsic_P2.2, unit: dex(erg), datatype: float64}
# - {name: log10FUV_intrinsic_P15.8, unit: dex(erg), datatype: float64}
# - {name: log10FUV_intrinsic_P50.0, unit: dex(erg), datatype: float64}
# - {name: log10FUV_intrinsic_P84.2, unit: dex(erg), datatype: float64}
# - {name: log10FUV_intrinsic_P97.8, unit: dex(erg), datatype: float64}
# meta: !!omap
# - {name: FLARES}
# - references: []
# - percentiles: [2.2, 15.8, 50.0, 84.2, 97.8]
# schema: astropy-2.0
z log10Mstar N log10FUV_intrinsic_P2.2 log10FUV_intrinsic_P15.8 log10FUV_intrinsic_P50.0 log10FUV_intrinsic_P84.2 log10FUV_intrinsic_P97.8
10.0 8.1 443 27.69 28.01 28.23 28.52 28.69
10.0 8.3 174 27.9 27.93 28.32 28.72 28.79
10.0 8.5 96 28.34 28.74 28.81 29.02 29.2
10.0 8.7 49 28.79 28.81 28.99 29.35 29.36
10.0 8.9 56 28.91 28.91 28.97 29.33 29.47
10.0 9.1 30 29.15 29.36 29.36 29.37 29.6
10.0 9.3 21 29.48 29.54 29.78 29.8 29.81
10.0 9.5 14 29.59 29.85 29.88 29.89 29.9
10.0 9.7 5 29.84 29.91 29.94 30.0 30.01
10.0 9.9 0 nan nan nan nan nan
10.0 10.1 2 30.07 30.07 30.09 30.23 30.27
9.0 8.1 940 27.49 27.94 28.19 28.41 28.66
9.0 8.3 457 27.82 28.14 28.37 28.58 28.78
9.0 8.5 237 28.14 28.44 28.73 28.91 29.04
9.0 8.7 121 28.83 28.88 28.99 29.13 29.18
9.0 8.9 73 28.83 29.1 29.21 29.23 29.39
9.0 9.1 78 28.85 28.91 29.29 29.68 29.71
9.0 9.3 55 29.17 29.46 29.6 29.7 29.75
9.0 9.5 36 29.44 29.46 29.65 29.83 29.92
9.0 9.7 14 29.7 29.73 29.78 29.79 29.87
9.0 9.9 9 29.8 29.85 29.96 30.06 30.31
9.0 10.1 6 29.8 29.8 30.02 30.34 30.51
9.0 10.3 1 30.15 30.15 30.15 30.15 30.15
8.0 8.1 1880 27.46 27.74 28.05 28.32 28.5
8.0 8.3 1091 27.76 28.03 28.29 28.52 28.73
8.0 8.5 586 28.12 28.34 28.57 28.8 29.08
8.0 8.7 267 28.44 28.65 28.77 29.01 29.24
8.0 8.9 186 28.88 28.99 29.18 29.31 29.33
8.0 9.1 118 28.27 29.11 29.26 29.41 29.59
8.0 9.3 116 29.09 29.43 29.46 29.57 29.74
8.0 9.5 83 29.47 29.5 29.53 29.76 29.9
8.0 9.7 62 29.31 29.47 29.78 29.94 30.04
8.0 9.9 35 29.61 29.61 29.65 30.17 30.33
8.0 10.1 12 29.61 29.61 29.99 30.26 30.35
8.0 10.3 9 29.53 30.01 30.25 30.43 30.49
8.0 10.5 3 30.44 30.44 30.46 30.52 30.55
7.0 8.1 3686 27.33 27.64 28.01 28.24 28.43
7.0 8.3 2154 27.75 27.98 28.23 28.46 28.68
7.0 8.5 1350 27.87 28.21 28.48 28.66 28.84
7.0 8.7 748 28.34 28.54 28.75 28.87 29.08
7.0 8.9 397 28.66 28.72 29.04 29.21 29.27
7.0 9.1 256 28.17 29.11 29.28 29.36 29.43
7.0 9.3 212 28.78 29.28 29.43 29.55 29.6
7.0 9.5 191 28.91 29.51 29.63 29.71 29.87
7.0 9.7 150 29.41 29.52 29.74 29.89 29.98
7.0 9.9 89 29.4 29.4 29.93 30.08 30.33
7.0 10.1 58 29.43 29.96 30.15 30.29 30.31
7.0 10.3 32 28.95 29.81 30.14 30.36 30.58
7.0 10.5 16 29.92 30.2 30.24 30.42 30.63
7.0 10.7 4 30.31 30.37 30.52 30.59 30.59
6.0 8.1 6719 27.21 27.53 27.88 28.14 28.39
6.0 8.3 4107 27.55 27.84 28.14 28.38 28.57
6.0 8.5 2721 27.88 28.1 28.38 28.58 28.71
6.0 8.7 1706 28.13 28.37 28.6 28.76 28.93
6.0 8.9 1012 28.24 28.6 28.84 28.98 29.14
6.0 9.1 563 28.72 28.96 29.11 29.29 29.37
6.0 9.3 376 28.51 29.28 29.41 29.52 29.65
6.0 9.5 381 28.72 29.34 29.56 29.69 29.83
6.0 9.7 310 29.36 29.47 29.68 29.92 30.12
6.0 9.9 242 29.28 29.65 29.81 29.98 30.06
6.0 10.1 179 29.32 29.69 29.98 30.06 30.21
6.0 10.3 88 29.4 29.89 30.01 30.23 30.52
6.0 10.5 53 29.59 30.2 30.25 30.35 30.59
6.0 10.7 27 30.19 30.31 30.73 30.78 30.81
6.0 10.9 7 30.29 30.34 30.47 30.79 30.86
5.0 8.1 10814 27.07 27.38 27.78 28.07 28.32
5.0 8.3 7187 27.36 27.71 28.03 28.27 28.5
5.0 8.5 4782 27.73 28.0 28.26 28.48 28.67
5.0 8.7 3342 28.01 28.29 28.5 28.68 28.88
5.0 8.9 2247 28.33 28.55 28.72 28.91 29.07
5.0 9.1 1400 28.58 28.78 28.95 29.15 29.34
5.0 9.3 801 28.8 28.99 29.26 29.39 29.48
5.0 9.5 594 29.08 29.29 29.47 29.66 29.72
5.0 9.7 635 29.14 29.41 29.6 29.79 29.98
5.0 9.9 500 29.23 29.41 29.72 29.85 29.92
5.0 10.1 463 28.75 29.59 29.84 30.06 30.29
5.0 10.3 287 29.38 29.8 29.97 30.17 30.47
5.0 10.5 148 29.32 30.03 30.15 30.42 30.43
5.0 10.7 84 29.59 30.06 30.38 30.59 30.64
5.0 10.9 33 29.94 30.24 30.25 30.39 30.73
5.0 11.1 10 30.19 30.22 30.28 30.33 30.63
