flares_data/data/scaling_relations/log10Mstar/log10SFR10.ecsv
# %ECSV 1.0
# ---
# datatype:
# - {name: z, datatype: float64}
# - {name: log10Mstar, unit: dex(solMass), datatype: float64, description: 'log_{{10}}(M_{\star}/M_{\odot})'}
# - {name: N, datatype: int64}
# - {name: log10SFR10_P2.2, unit: dex(solMass / yr), datatype: float64, description: '\log_{10}(SFR_{ 10 }/M_{\odot}\ yr^{-1})'}
# - {name: log10SFR10_P15.8, unit: dex(solMass / yr), datatype: float64, description: '\log_{10}(SFR_{ 10 }/M_{\odot}\ yr^{-1})'}
# - {name: log10SFR10_P50.0, unit: dex(solMass / yr), datatype: float64, description: '\log_{10}(SFR_{ 10 }/M_{\odot}\ yr^{-1})'}
# - {name: log10SFR10_P84.2, unit: dex(solMass / yr), datatype: float64, description: '\log_{10}(SFR_{ 10 }/M_{\odot}\ yr^{-1})'}
# - {name: log10SFR10_P97.8, unit: dex(solMass / yr), datatype: float64, description: '\log_{10}(SFR_{ 10 }/M_{\odot}\ yr^{-1})'}
# meta: !!omap
# - {name: FLARES}
# - references: []
# - percentiles: [2.2, 15.8, 50.0, 84.2, 97.8]
# schema: astropy-2.0
z log10Mstar N log10SFR10_P2.2 log10SFR10_P15.8 log10SFR10_P50.0 log10SFR10_P84.2 log10SFR10_P97.8
10.0 8.1 443 -inf -0.43 -0.04 0.27 0.57
10.0 8.3 174 -inf -inf -0.03 0.5 0.63
10.0 8.5 96 -0.1 0.47 0.57 0.89 1.03
10.0 8.7 49 0.51 0.61 0.85 1.17 1.18
10.0 8.9 56 0.74 0.74 0.76 1.17 1.3
10.0 9.1 30 0.9 1.15 1.19 1.22 1.41
10.0 9.3 21 1.28 1.35 1.63 1.65 1.66
10.0 9.5 14 1.39 1.65 1.67 1.7 1.71
10.0 9.7 5 1.66 1.71 1.75 1.84 1.87
10.0 9.9 0 nan nan nan nan nan
10.0 10.1 2 1.89 1.89 1.91 2.05 2.09
9.0 8.1 940 -inf -0.44 -0.12 0.22 0.44
9.0 8.3 457 -inf -0.26 0.12 0.35 0.57
9.0 8.5 237 -0.26 0.11 0.48 0.68 0.89
9.0 8.7 121 0.63 0.7 0.8 0.93 1.01
9.0 8.9 73 0.56 0.9 1.01 1.11 1.27
9.0 9.1 78 0.59 0.61 1.09 1.55 1.59
9.0 9.3 55 0.98 1.28 1.42 1.57 1.59
9.0 9.5 36 0.62 1.13 1.46 1.66 1.74
9.0 9.7 14 1.49 1.53 1.57 1.61 1.67
9.0 9.9 9 1.62 1.67 1.77 1.88 2.17
9.0 10.1 6 1.58 1.58 1.84 2.2 2.41
9.0 10.3 1 1.97 1.97 1.97 1.97 1.97
8.0 8.1 1880 -inf -0.74 -0.25 0.11 0.3
8.0 8.3 1091 -inf -0.43 -0.02 0.31 0.53
8.0 8.5 586 -0.43 -0.03 0.35 0.59 0.89
8.0 8.7 267 0.05 0.36 0.47 0.86 1.08
8.0 8.9 186 0.6 0.76 0.99 1.12 1.15
8.0 9.1 118 -0.42 0.91 1.06 1.28 1.42
8.0 9.3 116 0.81 1.21 1.26 1.35 1.58
8.0 9.5 83 1.27 1.31 1.36 1.57 1.73
8.0 9.7 62 1.05 1.24 1.59 1.79 1.87
8.0 9.9 35 1.3 1.34 1.42 1.99 2.18
8.0 10.1 12 1.34 1.34 1.76 2.1 2.18
8.0 10.3 9 0.79 1.77 2.06 2.25 2.35
8.0 10.5 3 2.28 2.28 2.28 2.28 2.28
7.0 8.1 3686 -inf -0.74 -0.26 0.03 0.22
7.0 8.3 2154 -inf -0.43 -0.03 0.21 0.44
7.0 8.5 1350 -inf -0.14 0.22 0.44 0.66
7.0 8.7 748 -0.12 0.22 0.49 0.64 0.91
7.0 8.9 397 0.25 0.44 0.8 1.0 1.1
7.0 9.1 256 -0.12 0.81 1.09 1.19 1.25
7.0 9.3 212 0.34 1.05 1.23 1.34 1.44
7.0 9.5 191 0.39 1.35 1.42 1.52 1.73
7.0 9.7 150 1.19 1.25 1.58 1.7 1.81
7.0 9.9 89 1.23 1.27 1.73 1.93 2.18
7.0 10.1 58 0.9 1.77 1.98 2.14 2.18
7.0 10.3 32 -inf 1.56 1.94 2.19 2.43
7.0 10.5 16 1.65 1.99 2.02 2.2 2.47
7.0 10.7 4 2.07 2.15 2.37 2.42 2.42
6.0 8.1 6719 -inf -inf -0.43 -0.05 0.18
6.0 8.3 4107 -inf -0.73 -0.14 0.12 0.34
6.0 8.5 2721 -inf -0.26 0.11 0.35 0.51
6.0 8.7 1706 -0.43 -0.02 0.31 0.53 0.7
6.0 8.9 1012 -0.24 0.27 0.59 0.77 0.93
6.0 9.1 563 0.39 0.71 0.89 1.07 1.21
6.0 9.3 376 0.35 1.08 1.21 1.33 1.46
6.0 9.5 381 0.49 1.16 1.35 1.51 1.63
6.0 9.7 310 1.13 1.26 1.48 1.76 2.02
6.0 9.9 242 1.01 1.43 1.62 1.82 1.9
6.0 10.1 179 1.2 1.51 1.79 1.88 2.04
6.0 10.3 88 0.77 1.68 1.81 2.01 2.36
6.0 10.5 53 1.29 1.95 1.98 2.15 2.45
6.0 10.7 27 2.02 2.1 2.56 2.65 2.74
6.0 10.9 7 1.93 1.97 2.21 2.62 2.72
5.0 8.1 10814 -inf -inf -0.45 -0.14 0.11
5.0 8.3 7187 -inf -0.74 -0.26 0.05 0.3
5.0 8.5 4782 -inf -0.43 -0.03 0.24 0.46
5.0 8.7 3342 -0.73 -0.04 0.22 0.44 0.68
5.0 8.9 2247 -0.12 0.22 0.44 0.67 0.84
5.0 9.1 1400 0.18 0.45 0.68 0.93 1.18
5.0 9.3 801 0.4 0.71 1.03 1.17 1.27
5.0 9.5 594 0.82 1.07 1.25 1.45 1.57
5.0 9.7 635 0.91 1.2 1.39 1.59 1.83
5.0 9.9 500 0.77 1.19 1.48 1.64 1.73
5.0 10.1 463 0.18 1.37 1.66 1.87 2.1
5.0 10.3 287 1.04 1.59 1.8 2.01 2.31
5.0 10.5 148 0.94 1.81 1.94 2.23 2.26
5.0 10.7 84 1.17 1.86 2.23 2.44 2.45
5.0 10.9 33 1.64 2.02 2.04 2.19 2.55
5.0 11.1 10 2.02 2.09 2.1 2.14 2.42
