flares_data/data/scaling_relations/log10Mstar/log10FUV.ecsv
# %ECSV 1.0
# ---
# datatype:
# - {name: z, datatype: float64}
# - {name: log10Mstar, unit: dex(solMass), datatype: float64, description: 'log_{{10}}(M_{\star}/M_{\odot})'}
# - {name: N, datatype: int64}
# - {name: log10FUV_P2.2, unit: dex(erg), datatype: float64}
# - {name: log10FUV_P15.8, unit: dex(erg), datatype: float64}
# - {name: log10FUV_P50.0, unit: dex(erg), datatype: float64}
# - {name: log10FUV_P84.2, unit: dex(erg), datatype: float64}
# - {name: log10FUV_P97.8, unit: dex(erg), datatype: float64}
# meta: !!omap
# - {name: FLARES}
# - references: []
# - percentiles: [2.2, 15.8, 50.0, 84.2, 97.8]
# schema: astropy-2.0
z log10Mstar N log10FUV_P2.2 log10FUV_P15.8 log10FUV_P50.0 log10FUV_P84.2 log10FUV_P97.8
10.0 8.1 443 27.68 27.93 28.12 28.37 28.53
10.0 8.3 174 27.84 27.92 28.22 28.46 28.63
10.0 8.5 96 28.23 28.4 28.49 28.77 29.01
10.0 8.7 49 28.39 28.46 28.68 29.04 29.04
10.0 8.9 56 28.4 28.41 28.49 28.98 29.11
10.0 9.1 30 28.52 28.74 28.74 28.75 29.16
10.0 9.3 21 28.7 28.73 29.12 29.15 29.17
10.0 9.5 14 28.61 29.11 29.16 29.25 29.29
10.0 9.7 5 29.14 29.16 29.25 29.29 29.4
10.0 9.9 0 nan nan nan nan nan
10.0 10.1 2 28.91 28.91 28.95 29.28 29.39
9.0 8.1 940 27.5 27.85 28.07 28.28 28.49
9.0 8.3 457 27.81 28.03 28.26 28.42 28.59
9.0 8.5 237 27.96 28.33 28.49 28.67 28.83
9.0 8.7 121 28.57 28.63 28.72 28.81 28.92
9.0 8.9 73 28.38 28.56 28.73 28.91 29.07
9.0 9.1 78 28.48 28.72 28.76 29.05 29.37
9.0 9.3 55 28.49 28.93 28.98 29.1 29.13
9.0 9.5 36 28.6 28.68 29.01 29.11 29.39
9.0 9.7 14 28.96 29.0 29.01 29.02 29.17
9.0 9.9 9 29.11 29.35 29.39 29.5 29.63
9.0 10.1 6 28.87 28.87 29.14 29.53 29.62
9.0 10.3 1 29.31 29.31 29.31 29.31 29.31
8.0 8.1 1880 27.45 27.68 27.95 28.21 28.35
8.0 8.3 1091 27.76 27.96 28.16 28.37 28.54
8.0 8.5 586 28.06 28.21 28.42 28.59 28.85
8.0 8.7 267 28.33 28.52 28.61 28.77 28.93
8.0 8.9 186 28.53 28.64 28.79 29.03 29.1
8.0 9.1 118 28.23 28.41 28.84 29.05 29.18
8.0 9.3 116 28.4 28.82 28.93 29.23 29.29
8.0 9.5 83 28.66 28.81 28.92 29.09 29.54
8.0 9.7 62 28.49 28.63 28.99 29.25 29.46
8.0 9.9 35 28.83 28.84 28.85 29.29 29.6
8.0 10.1 12 28.78 28.78 29.2 29.53 29.68
8.0 10.3 9 29.13 29.13 29.37 29.54 29.67
8.0 10.5 3 29.62 29.63 29.65 29.65 29.65
7.0 8.1 3686 27.33 27.61 27.9 28.12 28.33
7.0 8.3 2154 27.73 27.89 28.11 28.32 28.53
7.0 8.5 1350 27.81 28.12 28.35 28.5 28.65
7.0 8.7 748 28.24 28.38 28.57 28.69 28.84
7.0 8.9 397 28.5 28.56 28.78 28.9 28.96
7.0 9.1 256 28.03 28.59 28.82 28.92 29.1
7.0 9.3 212 28.44 28.58 28.84 29.04 29.2
7.0 9.5 191 28.71 28.77 29.04 29.09 29.27
7.0 9.7 150 28.5 28.95 29.09 29.28 29.33
7.0 9.9 89 28.32 28.43 29.07 29.36 29.55
7.0 10.1 58 28.88 29.1 29.2 29.54 29.7
7.0 10.3 32 28.78 29.0 29.33 29.57 29.8
7.0 10.5 16 28.96 29.36 29.54 29.71 29.87
7.0 10.7 4 29.55 29.55 29.56 29.75 29.77
6.0 8.1 6719 27.2 27.49 27.77 28.02 28.25
6.0 8.3 4107 27.53 27.77 28.02 28.24 28.39
6.0 8.5 2721 27.81 28.0 28.24 28.42 28.55
6.0 8.7 1706 28.05 28.24 28.42 28.6 28.77
6.0 8.9 1012 28.15 28.44 28.63 28.76 28.91
6.0 9.1 563 28.51 28.6 28.83 28.98 29.2
6.0 9.3 376 28.26 28.72 28.96 29.1 29.2
6.0 9.5 381 28.5 28.72 28.98 29.16 29.29
6.0 9.7 310 28.03 28.57 28.97 29.2 29.35
6.0 9.9 242 28.4 28.67 28.9 29.11 29.37
6.0 10.1 179 28.43 28.8 29.07 29.38 29.42
6.0 10.3 88 28.82 28.95 29.25 29.56 29.78
6.0 10.5 53 28.93 29.15 29.47 29.51 29.82
6.0 10.7 27 29.45 29.48 29.95 29.96 29.96
6.0 10.9 7 29.48 29.54 29.95 30.01 30.01
5.0 8.1 10814 27.06 27.35 27.66 27.94 28.19
5.0 8.3 7187 27.33 27.64 27.89 28.12 28.35
5.0 8.5 4782 27.7 27.89 28.11 28.31 28.54
5.0 8.7 3342 27.92 28.14 28.33 28.52 28.69
5.0 8.9 2247 28.2 28.36 28.53 28.71 28.87
5.0 9.1 1400 28.39 28.57 28.73 28.89 29.06
5.0 9.3 801 28.4 28.65 28.83 29.03 29.13
5.0 9.5 594 28.44 28.69 28.9 29.09 29.23
5.0 9.7 635 28.46 28.67 28.91 29.17 29.37
5.0 9.9 500 27.98 28.7 28.91 29.21 29.36
5.0 10.1 463 28.14 28.56 28.95 29.33 29.53
5.0 10.3 287 28.51 28.86 29.14 29.44 29.62
5.0 10.5 148 28.87 29.16 29.41 29.66 29.69
5.0 10.7 84 28.84 29.24 29.62 29.76 30.02
5.0 10.9 33 29.13 29.31 29.38 29.79 30.14
5.0 11.1 10 29.57 29.57 29.59 29.7 30.14
