flares_data/data/scaling_relations/log10Mstar/log10SFR50.ecsv
# %ECSV 1.0
# ---
# datatype:
# - {name: z, datatype: float64}
# - {name: log10Mstar, unit: dex(solMass), datatype: float64, description: 'log_{{10}}(M_{\star}/M_{\odot})'}
# - {name: N, datatype: int64}
# - {name: log10SFR50_P2.2, unit: dex(solMass / yr), datatype: float64, description: '\log_{10}(SFR_{ 50 }/M_{\odot}\ yr^{-1})'}
# - {name: log10SFR50_P15.8, unit: dex(solMass / yr), datatype: float64, description: '\log_{10}(SFR_{ 50 }/M_{\odot}\ yr^{-1})'}
# - {name: log10SFR50_P50.0, unit: dex(solMass / yr), datatype: float64, description: '\log_{10}(SFR_{ 50 }/M_{\odot}\ yr^{-1})'}
# - {name: log10SFR50_P84.2, unit: dex(solMass / yr), datatype: float64, description: '\log_{10}(SFR_{ 50 }/M_{\odot}\ yr^{-1})'}
# - {name: log10SFR50_P97.8, unit: dex(solMass / yr), datatype: float64, description: '\log_{10}(SFR_{ 50 }/M_{\odot}\ yr^{-1})'}
# meta: !!omap
# - {name: FLARES}
# - references: []
# - percentiles: [2.2, 15.8, 50.0, 84.2, 97.8]
# schema: astropy-2.0
z log10Mstar N log10SFR50_P2.2 log10SFR50_P15.8 log10SFR50_P50.0 log10SFR50_P84.2 log10SFR50_P97.8
10.0 8.1 443 -0.73 -0.33 -0.04 0.17 0.34
10.0 8.3 174 -0.19 -0.18 0.14 0.43 0.49
10.0 8.5 96 0.12 0.45 0.51 0.72 0.77
10.0 8.7 49 0.53 0.54 0.76 0.93 0.94
10.0 8.9 56 0.67 0.67 0.77 1.03 1.12
10.0 9.1 30 0.97 1.11 1.13 1.13 1.27
10.0 9.3 21 1.25 1.32 1.48 1.51 1.52
10.0 9.5 14 1.36 1.63 1.66 1.67 1.68
10.0 9.7 5 1.6 1.71 1.73 1.75 1.82
10.0 9.9 0 nan nan nan nan nan
10.0 10.1 2 1.94 1.94 1.96 2.07 2.11
9.0 8.1 940 -1.13 -0.39 -0.07 0.13 0.26
9.0 8.3 457 -0.59 -0.13 0.09 0.28 0.39
9.0 8.5 237 -0.31 0.27 0.43 0.58 0.68
9.0 8.7 121 0.55 0.58 0.67 0.91 0.95
9.0 8.9 73 0.7 0.89 0.89 0.93 1.06
9.0 9.1 78 0.9 0.98 1.03 1.32 1.4
9.0 9.3 55 0.99 1.28 1.38 1.43 1.47
9.0 9.5 36 1.32 1.34 1.49 1.61 1.67
9.0 9.7 14 1.5 1.65 1.65 1.67 1.68
9.0 9.9 9 1.62 1.66 1.73 1.81 2.03
9.0 10.1 6 1.63 1.63 1.77 2.17 2.27
9.0 10.3 1 2.02 2.02 2.02 2.02 2.02
8.0 8.1 1880 -1.13 -0.53 -0.19 0.04 0.17
8.0 8.3 1091 -0.96 -0.21 0.04 0.24 0.35
8.0 8.5 586 -0.25 0.1 0.34 0.51 0.71
8.0 8.7 267 0.15 0.46 0.6 0.71 0.85
8.0 8.9 186 0.63 0.75 0.9 1.0 1.04
8.0 9.1 118 -0.3 0.94 1.07 1.14 1.28
8.0 9.3 116 0.95 1.19 1.28 1.32 1.47
8.0 9.5 83 1.27 1.28 1.32 1.55 1.67
8.0 9.7 62 1.28 1.28 1.58 1.69 1.78
8.0 9.9 35 1.43 1.43 1.47 1.92 2.14
8.0 10.1 12 1.44 1.44 1.8 2.11 2.19
8.0 10.3 9 1.6 1.75 2.1 2.25 2.28
8.0 10.5 3 2.33 2.36 2.43 2.44 2.44
7.0 8.1 3686 -1.14 -0.6 -0.27 -0.03 0.11
7.0 8.3 2154 -0.72 -0.28 -0.02 0.17 0.31
7.0 8.5 1350 -0.43 0.01 0.21 0.39 0.58
7.0 8.7 748 0.02 0.25 0.48 0.6 0.81
7.0 8.9 397 0.33 0.46 0.77 0.88 1.03
7.0 9.1 256 -0.28 0.86 1.03 1.08 1.19
7.0 9.3 212 0.52 1.04 1.2 1.25 1.35
7.0 9.5 191 0.99 1.31 1.4 1.48 1.63
7.0 9.7 150 1.21 1.31 1.56 1.69 1.73
7.0 9.9 89 1.23 1.26 1.71 1.9 2.08
7.0 10.1 58 1.45 1.78 1.93 2.08 2.14
7.0 10.3 32 0.33 1.56 1.92 2.19 2.38
7.0 10.5 16 1.71 2.02 2.04 2.26 2.46
7.0 10.7 4 2.11 2.18 2.41 2.43 2.43
6.0 8.1 6719 -1.44 -0.74 -0.39 -0.15 0.04
6.0 8.3 4107 -1.12 -0.43 -0.11 0.09 0.25
6.0 8.5 2721 -0.58 -0.14 0.12 0.3 0.44
6.0 8.7 1706 -0.17 0.09 0.32 0.51 0.65
6.0 8.9 1012 -0.33 0.31 0.59 0.71 0.9
6.0 9.1 563 0.45 0.7 0.83 0.99 1.11
6.0 9.3 376 0.16 1.01 1.14 1.28 1.37
6.0 9.5 381 0.55 1.1 1.31 1.45 1.55
6.0 9.7 310 1.14 1.31 1.47 1.69 1.73
6.0 9.9 242 1.07 1.46 1.59 1.79 1.85
6.0 10.1 179 1.21 1.49 1.79 1.92 2.0
6.0 10.3 88 1.28 1.73 1.89 2.08 2.37
6.0 10.5 53 1.3 2.01 2.11 2.27 2.35
6.0 10.7 27 2.04 2.1 2.5 2.55 2.56
6.0 10.9 7 2.08 2.17 2.45 2.61 2.65
5.0 8.1 10814 -inf -0.94 -0.49 -0.23 -0.01
5.0 8.3 7187 -1.14 -0.58 -0.25 -0.02 0.16
5.0 8.5 4782 -0.66 -0.28 -0.01 0.2 0.38
5.0 8.7 3342 -0.31 -0.02 0.21 0.41 0.58
5.0 8.9 2247 0.01 0.21 0.44 0.61 0.76
5.0 9.1 1400 0.35 0.5 0.7 0.89 1.09
5.0 9.3 801 0.51 0.72 1.01 1.13 1.22
5.0 9.5 594 0.85 1.03 1.25 1.39 1.49
5.0 9.7 635 1.01 1.19 1.38 1.56 1.69
5.0 9.9 500 1.1 1.26 1.49 1.63 1.73
5.0 10.1 463 0.2 1.35 1.64 1.86 2.12
5.0 10.3 287 1.17 1.6 1.8 1.99 2.34
5.0 10.5 148 0.94 1.85 1.99 2.28 2.3
5.0 10.7 84 1.21 1.86 2.2 2.37 2.38
5.0 10.9 33 1.7 2.05 2.08 2.21 2.53
5.0 11.1 10 1.98 2.01 2.06 2.13 2.44
