flares_data/data/scaling_relations/log10Mstar/MFUV.ecsv
# %ECSV 1.0
# ---
# datatype:
# - {name: z, datatype: float64}
# - {name: log10Mstar, unit: dex(Msol), datatype: float64, description: log10(stellar mass)}
# - {name: N, datatype: int64, description: number of galaxies in bin}
# - {name: MFUV_P2.2, unit: '', datatype: float64, description: rest-frame dust-attenuated far-UV absolute magnitude}
# - {name: MFUV_P15.8, unit: '', datatype: float64, description: rest-frame dust-attenuated far-UV absolute magnitude}
# - {name: MFUV_P50.0, unit: '', datatype: float64, description: rest-frame dust-attenuated far-UV absolute magnitude}
# - {name: MFUV_P84.2, unit: '', datatype: float64, description: rest-frame dust-attenuated far-UV absolute magnitude}
# - {name: MFUV_P97.8, unit: '', datatype: float64, description: rest-frame dust-attenuated far-UV absolute magnitude}
# meta: !!omap
# - {name: FLARES}
# - references: []
# - percentiles: [2.2, 15.8, 50.0, 84.2, 97.8]
# schema: astropy-2.0
z log10Mstar N MFUV_P2.2 MFUV_P15.8 MFUV_P50.0 MFUV_P84.2 MFUV_P97.8
10.0 8.1 443 -19.73 -19.34 -18.69 -18.23 -17.62
10.0 8.3 174 -19.99 -19.55 -18.94 -18.21 -18.01
10.0 8.5 96 -20.94 -20.33 -19.63 -19.41 -18.99
10.0 8.7 49 -21.01 -21.0 -20.1 -19.55 -19.38
10.0 8.9 56 -21.18 -20.86 -19.63 -19.42 -19.39
10.0 9.1 30 -21.31 -20.27 -20.26 -20.26 -19.71
10.0 9.3 21 -21.32 -21.27 -21.21 -20.24 -20.14
10.0 9.5 14 -21.63 -21.52 -21.29 -21.19 -19.93
10.0 9.7 5 -21.92 -21.63 -21.54 -21.3 -21.24
10.0 10.1 2 -21.88 -21.6 -20.79 -20.69 -20.69
10.0 10.3 1 -22.74 -22.74 -22.74 -22.74 -22.74
9.0 8.1 940 -19.63 -19.12 -18.58 -18.03 -17.14
9.0 8.3 457 -19.88 -19.46 -19.07 -18.49 -17.93
9.0 8.5 237 -20.47 -20.09 -19.63 -19.23 -18.31
9.0 8.7 121 -20.7 -20.42 -20.2 -19.98 -19.82
9.0 8.9 73 -21.09 -20.69 -20.24 -19.82 -19.35
9.0 9.1 78 -21.84 -21.04 -20.3 -20.21 -19.6
9.0 9.3 55 -21.24 -21.16 -20.85 -20.73 -19.63
9.0 9.5 36 -21.89 -21.18 -20.92 -20.1 -19.9
9.0 9.7 14 -21.33 -20.94 -20.93 -20.89 -20.8
9.0 9.9 9 -22.49 -22.17 -21.88 -21.77 -21.17
9.0 10.1 6 -22.47 -22.23 -21.25 -20.58 -20.58
9.0 10.3 1 -21.68 -21.68 -21.68 -21.68 -21.68
9.0 10.5 1 -22.81 -22.81 -22.81 -22.81 -22.81
8.0 8.1 1880 -19.27 -18.92 -18.29 -17.61 -17.04
8.0 8.3 1091 -19.75 -19.34 -18.8 -18.31 -17.81
8.0 8.5 586 -20.53 -19.87 -19.45 -18.92 -18.55
8.0 8.7 267 -20.74 -20.34 -19.93 -19.71 -19.23
8.0 8.9 186 -21.16 -20.98 -20.38 -20.0 -19.73
8.0 9.1 118 -21.36 -21.04 -20.52 -19.43 -18.98
8.0 9.3 116 -21.64 -21.47 -20.72 -20.45 -19.41
8.0 9.5 83 -22.24 -21.13 -20.7 -20.42 -20.05
8.0 9.7 62 -22.06 -21.52 -20.89 -19.98 -19.62
8.0 9.9 35 -22.41 -21.64 -20.52 -20.49 -20.48
8.0 10.1 12 -22.59 -22.24 -21.4 -20.36 -20.36
8.0 10.3 9 -22.57 -22.26 -21.82 -21.23 -21.23
8.0 10.5 3 -22.53 -22.53 -22.53 -22.47 -22.45
8.0 10.7 1 -22.83 -22.83 -22.83 -22.83 -22.83
7.0 8.1 3686 -19.22 -18.69 -18.17 -17.43 -16.73
7.0 8.3 2154 -19.74 -19.2 -18.68 -18.12 -17.74
7.0 8.5 1350 -20.02 -19.66 -19.28 -18.72 -17.93
7.0 8.7 748 -20.51 -20.13 -19.83 -19.36 -19.02
7.0 8.9 397 -20.81 -20.65 -20.36 -19.81 -19.65
7.0 9.1 256 -21.15 -20.7 -20.46 -19.88 -18.48
7.0 9.3 212 -21.4 -21.0 -20.5 -19.85 -19.5
7.0 9.5 191 -21.57 -21.13 -21.0 -20.33 -20.19
7.0 9.7 150 -21.72 -21.6 -21.14 -20.78 -19.66
7.0 9.9 89 -22.27 -21.8 -21.07 -19.47 -19.2
7.0 10.1 58 -22.66 -22.27 -21.4 -21.17 -20.61
7.0 10.3 32 -22.9 -22.33 -21.72 -20.91 -20.36
7.0 10.5 16 -23.09 -22.68 -22.26 -21.81 -20.79
7.0 10.7 4 -22.83 -22.78 -22.31 -22.27 -22.27
7.0 10.9 1 -23.12 -23.12 -23.12 -23.12 -23.12
6.0 8.1 6719 -19.04 -18.45 -17.83 -17.13 -16.42
6.0 8.3 4107 -19.38 -19.01 -18.47 -17.82 -17.22
6.0 8.5 2721 -19.77 -19.45 -18.99 -18.4 -17.92
6.0 8.7 1706 -20.34 -19.9 -19.46 -19.01 -18.54
6.0 8.9 1012 -20.69 -20.31 -19.98 -19.52 -18.77
6.0 9.1 563 -21.41 -20.86 -20.47 -19.91 -19.67
6.0 9.3 376 -21.4 -21.15 -20.81 -20.19 -19.05
6.0 9.5 381 -21.64 -21.31 -20.85 -20.21 -19.65
6.0 9.7 310 -21.78 -21.41 -20.82 -19.83 -18.49
6.0 9.9 242 -21.83 -21.18 -20.66 -20.08 -19.39
6.0 10.1 179 -21.95 -21.85 -21.07 -20.41 -19.47
6.0 10.3 88 -22.85 -22.31 -21.52 -20.78 -20.46
6.0 10.5 53 -22.96 -22.17 -22.08 -21.27 -20.73
6.0 10.7 27 -23.3 -23.3 -23.29 -22.11 -22.04
6.0 10.9 7 -23.43 -23.43 -23.29 -22.25 -22.1
6.0 11.1 1 -23.66 -23.66 -23.66 -23.66 -23.66
5.0 8.1 10814 -18.88 -18.24 -17.55 -16.79 -16.05
5.0 8.3 7187 -19.29 -18.71 -18.13 -17.5 -16.73
5.0 8.5 4782 -19.75 -19.19 -18.69 -18.14 -17.65
5.0 8.7 3342 -20.14 -19.69 -19.23 -18.76 -18.2
5.0 8.9 2247 -20.59 -20.17 -19.72 -19.31 -18.91
5.0 9.1 1400 -21.06 -20.63 -20.22 -19.83 -19.39
5.0 9.3 801 -21.24 -20.98 -20.48 -20.03 -19.4
5.0 9.5 594 -21.49 -21.13 -20.66 -20.14 -19.52
5.0 9.7 635 -21.82 -21.33 -20.68 -20.07 -19.55
5.0 9.9 500 -21.79 -21.42 -20.68 -20.15 -18.35
5.0 10.1 463 -22.22 -21.72 -20.77 -19.81 -18.74
5.0 10.3 287 -22.46 -21.99 -21.25 -20.56 -19.68
5.0 10.5 148 -22.63 -22.56 -21.94 -21.31 -20.57
5.0 10.7 84 -23.45 -22.8 -22.45 -21.51 -20.51
5.0 10.9 33 -23.75 -22.88 -21.85 -21.69 -21.24
5.0 11.1 10 -23.76 -22.65 -22.37 -22.33 -22.33
5.0 11.3 2 -23.6 -23.6 -23.58 -23.44 -23.4
