flares_data/data/scaling_relations/log10Mstar/OIII4959.ecsv
# %ECSV 1.0
# ---
# datatype:
# - {name: z, datatype: float64}
# - {name: log10Mstar, unit: dex(solMass), datatype: float64, description: log10(stellar mass)}
# - {name: N, datatype: int64}
# - {name: OIII4959_log10L_P2.2, unit: dex(erg / s), datatype: float64, description: log10(OIII4959 luminosity)}
# - {name: OIII4959_log10EW_P2.2, unit: dex(Angstrom), datatype: float64, description: log10(OIII4959 equivalent width)}
# - {name: OIII4959_log10L_P15.8, unit: dex(erg / s), datatype: float64, description: log10(OIII4959 luminosity)}
# - {name: OIII4959_log10EW_P15.8, unit: dex(Angstrom), datatype: float64, description: log10(OIII4959 equivalent width)}
# - {name: OIII4959_log10L_P50.0, unit: dex(erg / s), datatype: float64, description: log10(OIII4959 luminosity)}
# - {name: OIII4959_log10EW_P50.0, unit: dex(Angstrom), datatype: float64, description: log10(OIII4959 equivalent width)}
# - {name: OIII4959_log10L_P84.2, unit: dex(erg / s), datatype: float64, description: log10(OIII4959 luminosity)}
# - {name: OIII4959_log10EW_P84.2, unit: dex(Angstrom), datatype: float64, description: log10(OIII4959 equivalent width)}
# - {name: OIII4959_log10L_P97.8, unit: dex(erg / s), datatype: float64, description: log10(OIII4959 luminosity)}
# - {name: OIII4959_log10EW_P97.8, unit: dex(Angstrom), datatype: float64, description: log10(OIII4959 equivalent width)}
# meta: !!omap
# - {name: FLARES}
# - references: []
# - percentiles: [2.2, 15.8, 50.0, 84.2, 97.8]
# schema: astropy-2.0
z log10Mstar N OIII4959_log10L_P2.2 OIII4959_log10EW_P2.2 OIII4959_log10L_P15.8 OIII4959_log10EW_P15.8 OIII4959_log10L_P50.0 OIII4959_log10EW_P50.0 OIII4959_log10L_P84.2 OIII4959_log10EW_P84.2 OIII4959_log10L_P97.8 OIII4959_log10EW_P97.8
10.0 8.1 443 -inf -inf 40.64 1.46 41.29 2.06 41.67 2.29 41.91 2.48
10.0 8.3 174 -inf -inf -inf -inf 41.16 1.82 41.85 2.32 41.96 2.39
10.0 8.5 96 40.99 1.56 41.77 2.18 41.82 2.23 42.15 2.34 42.34 2.43
10.0 8.7 49 41.43 1.71 41.81 2.16 42.04 2.22 42.59 2.49 42.61 2.5
10.0 8.9 56 41.42 1.6 41.43 1.63 41.53 1.72 42.39 2.29 42.55 2.35
10.0 9.1 30 41.43 1.46 41.77 1.75 41.83 1.8 41.97 1.91 42.65 2.37
10.0 9.3 21 41.77 1.63 41.87 1.73 42.58 2.21 42.62 2.23 42.62 2.24
10.0 9.5 14 41.88 1.73 42.37 1.86 42.39 1.92 42.58 1.95 42.68 2.02
10.0 9.7 5 42.48 1.96 42.52 2.01 42.59 2.06 42.73 2.1 42.79 2.11
10.0 9.9 0 nan nan nan nan nan nan nan nan nan nan
10.0 10.1 2 41.65 1.32 41.65 1.32 41.71 1.35 42.23 1.58 42.4 1.66
9.0 8.1 940 -inf -inf 40.54 1.44 41.22 1.99 41.55 2.3 41.82 2.43
9.0 8.3 457 -inf -inf 40.99 1.74 41.39 2.01 41.71 2.27 41.94 2.37
9.0 8.5 237 41.12 1.65 41.35 1.97 41.76 2.19 42.06 2.35 42.19 2.39
9.0 8.7 121 41.81 2.05 41.94 2.15 42.07 2.22 42.14 2.25 42.31 2.36
9.0 8.9 73 41.28 1.51 41.95 2.04 42.13 2.17 42.26 2.23 42.6 2.43
9.0 9.1 78 38.98 -0.57 40.75 0.85 42.01 1.93 42.47 2.22 42.87 2.45
9.0 9.3 55 41.44 1.43 42.08 1.82 42.24 1.93 42.53 2.17 42.55 2.23
9.0 9.5 36 41.61 1.38 41.75 1.64 42.32 1.94 42.42 2.03 42.74 2.2
9.0 9.7 14 41.97 1.43 41.97 1.46 41.99 1.54 42.04 1.64 42.45 1.97
9.0 9.9 9 42.1 1.57 42.22 1.63 42.45 1.79 42.71 2.16 43.0 2.23
9.0 10.1 6 41.76 1.22 41.76 1.29 41.9 1.49 42.63 1.83 42.98 2.1
9.0 10.3 1 41.8 1.01 41.8 1.01 41.8 1.01 41.8 1.01 41.8 1.01
8.0 8.1 1880 -inf -inf 39.8 0.87 41.01 1.91 41.47 2.23 41.68 2.43
8.0 8.3 1091 -inf -inf 40.55 1.42 41.26 1.97 41.62 2.22 41.91 2.36
8.0 8.5 586 40.23 0.84 41.26 1.8 41.61 2.08 41.95 2.3 42.27 2.42
8.0 8.7 267 41.33 1.77 41.68 1.92 41.8 2.12 42.16 2.29 42.45 2.45
8.0 8.9 186 41.61 1.72 41.83 1.94 42.15 2.13 42.36 2.26 42.47 2.33
8.0 9.1 118 39.57 -0.25 41.49 1.51 42.1 2.02 42.39 2.18 42.71 2.37
8.0 9.3 116 40.89 0.87 42.08 1.79 42.2 1.98 42.55 2.17 42.64 2.19
8.0 9.5 83 41.7 1.43 41.8 1.46 42.07 1.79 42.36 2.02 42.87 2.23
8.0 9.7 62 41.53 1.33 41.96 1.6 42.15 1.9 42.59 2.07 42.77 2.11
8.0 9.9 35 41.73 1.24 41.78 1.29 41.89 1.37 42.18 1.72 42.98 2.16
8.0 10.1 12 41.5 1.09 41.5 1.09 42.36 1.73 42.69 1.95 42.92 2.17
8.0 10.3 9 41.35 0.31 42.16 1.31 42.27 1.69 42.79 1.91 42.97 1.97
8.0 10.5 3 42.54 1.55 42.57 1.57 42.64 1.64 42.72 1.74 42.75 1.78
7.0 8.1 3686 -inf -inf 39.52 0.66 41.0 1.92 41.36 2.22 41.64 2.38
7.0 8.3 2154 -inf -inf 40.63 1.45 41.2 1.95 41.59 2.21 41.84 2.37
7.0 8.5 1350 -inf -inf 40.99 1.62 41.52 2.03 41.79 2.21 42.02 2.34
7.0 8.7 748 40.86 1.24 41.5 1.83 41.81 2.08 41.99 2.22 42.23 2.38
7.0 8.9 397 41.63 1.81 41.77 1.99 42.11 2.18 42.31 2.27 42.46 2.34
7.0 9.1 256 40.76 1.09 41.79 1.81 42.1 1.99 42.35 2.17 42.49 2.3
7.0 9.3 212 41.22 1.13 41.62 1.55 42.08 1.85 42.33 2.05 42.53 2.24
7.0 9.5 191 39.79 -0.43 42.07 1.82 42.3 1.92 42.49 2.08 42.57 2.18
7.0 9.7 150 41.52 1.29 41.72 1.5 42.36 1.85 42.47 1.94 42.76 2.17
7.0 9.9 89 41.48 1.15 41.54 1.35 42.25 1.79 42.62 1.93 42.68 2.15
7.0 10.1 58 40.81 0.33 41.94 1.37 42.13 1.59 42.73 1.91 42.88 2.01
7.0 10.3 32 41.7 1.06 41.98 1.41 42.45 1.62 42.76 2.03 43.0 2.03
7.0 10.5 16 41.43 0.35 42.32 1.49 42.66 1.73 42.84 1.78 43.02 1.92
7.0 10.7 4 42.3 1.26 42.37 1.36 42.7 1.74 42.9 1.8 42.92 1.81
6.0 8.1 6719 -inf -inf -inf -inf 40.81 1.78 41.27 2.18 41.55 2.38
6.0 8.3 4107 -inf -inf 40.06 0.97 41.12 1.9 41.5 2.19 41.76 2.36
6.0 8.5 2721 -inf -inf 40.93 1.56 41.39 1.98 41.7 2.19 41.91 2.33
6.0 8.7 1706 40.15 0.79 41.28 1.72 41.62 1.99 41.88 2.17 42.06 2.29
6.0 8.9 1012 40.71 1.05 41.51 1.75 41.84 2.0 42.08 2.16 42.26 2.3
6.0 9.1 563 41.59 1.63 41.77 1.81 42.12 2.05 42.31 2.2 42.41 2.26
6.0 9.3 376 40.54 0.54 41.94 1.77 42.23 1.98 42.45 2.17 42.64 2.33
6.0 9.5 381 41.57 1.32 41.74 1.55 42.16 1.88 42.43 2.01 42.62 2.1
6.0 9.7 310 41.01 1.02 41.28 1.25 42.08 1.79 42.49 1.97 42.67 2.06
6.0 9.9 242 41.17 0.81 41.57 1.45 42.05 1.66 42.36 1.89 42.62 1.94
6.0 10.1 179 41.51 1.17 41.73 1.38 42.23 1.6 42.48 1.81 42.63 1.89
6.0 10.3 88 41.32 0.4 41.37 0.74 42.23 1.61 42.7 1.85 42.94 2.07
6.0 10.5 53 41.12 0.31 41.87 1.03 42.5 1.59 42.59 1.69 42.83 1.86
6.0 10.7 27 42.14 1.13 42.58 1.54 42.89 1.61 42.93 1.68 42.96 1.73
6.0 10.9 7 42.43 1.31 42.57 1.38 42.85 1.59 43.05 1.8 43.1 1.83
5.0 8.1 10814 -inf -inf -inf -inf 40.63 1.67 41.19 2.18 41.54 2.4
5.0 8.3 7187 -inf -inf 39.78 0.74 41.03 1.89 41.4 2.16 41.68 2.34
5.0 8.5 4782 -inf -inf 40.62 1.31 41.28 1.92 41.6 2.16 41.85 2.3
5.0 8.7 3342 39.78 0.45 41.16 1.64 41.52 1.95 41.8 2.15 42.05 2.3
5.0 8.9 2247 40.98 1.43 41.5 1.77 41.78 1.99 42.0 2.14 42.22 2.28
5.0 9.1 1400 41.38 1.52 41.66 1.73 41.96 1.97 42.22 2.15 42.39 2.26
5.0 9.3 801 41.26 1.33 41.76 1.68 42.07 1.92 42.33 2.09 42.47 2.19
5.0 9.5 594 40.81 0.8 41.88 1.66 42.15 1.84 42.42 1.99 42.53 2.09
5.0 9.7 635 41.23 1.02 41.76 1.53 42.06 1.71 42.42 1.91 42.69 2.07
5.0 9.9 500 39.39 -1.13 41.52 1.18 41.98 1.61 42.31 1.8 42.61 1.96
5.0 10.1 463 39.46 -0.59 40.8 0.53 42.02 1.56 42.55 1.85 42.74 1.97
5.0 10.3 287 41.03 0.44 41.85 1.31 42.15 1.57 42.54 1.76 42.72 1.89
5.0 10.5 148 41.31 0.72 42.1 1.33 42.39 1.63 42.74 1.75 42.83 1.88
5.0 10.7 84 41.66 0.68 42.06 1.23 42.61 1.45 42.85 1.78 43.17 1.97
5.0 10.9 33 41.76 0.79 42.28 1.4 42.31 1.44 42.77 1.64 43.22 1.87
5.0 11.1 10 42.18 0.88 42.18 0.88 42.24 0.92 42.59 1.16 43.19 1.66
