flares_data/data/scaling_relations/log10Mstar/OIII5007.ecsv
# %ECSV 1.0
# ---
# datatype:
# - {name: z, datatype: float64}
# - {name: log10Mstar, unit: dex(solMass), datatype: float64, description: log10(stellar mass)}
# - {name: N, datatype: int64}
# - {name: OIII5007_log10L_P2.2, unit: dex(erg / s), datatype: float64, description: log10(OIII5007 luminosity)}
# - {name: OIII5007_log10EW_P2.2, unit: dex(Angstrom), datatype: float64, description: log10(OIII5007 equivalent width)}
# - {name: OIII5007_log10L_P15.8, unit: dex(erg / s), datatype: float64, description: log10(OIII5007 luminosity)}
# - {name: OIII5007_log10EW_P15.8, unit: dex(Angstrom), datatype: float64, description: log10(OIII5007 equivalent width)}
# - {name: OIII5007_log10L_P50.0, unit: dex(erg / s), datatype: float64, description: log10(OIII5007 luminosity)}
# - {name: OIII5007_log10EW_P50.0, unit: dex(Angstrom), datatype: float64, description: log10(OIII5007 equivalent width)}
# - {name: OIII5007_log10L_P84.2, unit: dex(erg / s), datatype: float64, description: log10(OIII5007 luminosity)}
# - {name: OIII5007_log10EW_P84.2, unit: dex(Angstrom), datatype: float64, description: log10(OIII5007 equivalent width)}
# - {name: OIII5007_log10L_P97.8, unit: dex(erg / s), datatype: float64, description: log10(OIII5007 luminosity)}
# - {name: OIII5007_log10EW_P97.8, unit: dex(Angstrom), datatype: float64, description: log10(OIII5007 equivalent width)}
# meta: !!omap
# - {name: FLARES}
# - references: []
# - percentiles: [2.2, 15.8, 50.0, 84.2, 97.8]
# schema: astropy-2.0
z log10Mstar N OIII5007_log10L_P2.2 OIII5007_log10EW_P2.2 OIII5007_log10L_P15.8 OIII5007_log10EW_P15.8 OIII5007_log10L_P50.0 OIII5007_log10EW_P50.0 OIII5007_log10L_P84.2 OIII5007_log10EW_P84.2 OIII5007_log10L_P97.8 OIII5007_log10EW_P97.8
10.0 8.1 443 -inf -inf 41.12 1.97 41.77 2.57 42.15 2.79 42.38 2.97
10.0 8.3 174 -inf -inf -inf -inf 41.64 2.33 42.32 2.82 42.43 2.89
10.0 8.5 96 41.47 2.08 42.25 2.68 42.3 2.74 42.63 2.84 42.82 2.93
10.0 8.7 49 41.91 2.23 42.29 2.67 42.51 2.72 43.06 2.99 43.08 3.0
10.0 8.9 56 41.9 2.12 41.91 2.15 42.01 2.23 42.86 2.8 43.02 2.85
10.0 9.1 30 41.91 1.98 42.25 2.27 42.3 2.32 42.44 2.42 43.13 2.87
10.0 9.3 21 42.25 2.14 42.35 2.25 43.06 2.72 43.1 2.74 43.1 2.75
10.0 9.5 14 42.36 2.25 42.85 2.38 42.86 2.44 43.06 2.46 43.16 2.53
10.0 9.7 5 42.96 2.47 42.99 2.52 43.06 2.57 43.21 2.61 43.27 2.63
10.0 9.9 0 nan nan nan nan nan nan nan nan nan nan
10.0 10.1 2 42.12 1.83 42.12 1.83 42.19 1.86 42.71 2.1 42.88 2.18
9.0 8.1 940 -inf -inf 41.01 1.95 41.69 2.5 42.03 2.8 42.29 2.92
9.0 8.3 457 -inf -inf 41.46 2.25 41.87 2.52 42.18 2.77 42.41 2.87
9.0 8.5 237 41.6 2.16 41.82 2.47 42.23 2.69 42.53 2.85 42.66 2.9
9.0 8.7 121 42.3 2.56 42.41 2.65 42.54 2.73 42.62 2.76 42.78 2.87
9.0 8.9 73 41.76 2.03 42.43 2.56 42.61 2.68 42.73 2.74 43.07 2.93
9.0 9.1 78 39.47 -0.04 41.23 1.37 42.49 2.44 42.95 2.72 43.35 2.95
9.0 9.3 55 41.91 1.94 42.56 2.34 42.72 2.44 43.01 2.68 43.03 2.74
9.0 9.5 36 42.09 1.9 42.23 2.15 42.8 2.46 42.9 2.54 43.22 2.71
9.0 9.7 14 42.45 1.95 42.45 1.98 42.47 2.05 42.51 2.16 42.93 2.48
9.0 9.9 9 42.58 2.08 42.69 2.14 42.92 2.3 43.18 2.67 43.48 2.73
9.0 10.1 6 42.23 1.74 42.23 1.81 42.38 2.0 43.1 2.35 43.46 2.61
9.0 10.3 1 42.27 1.53 42.27 1.53 42.27 1.53 42.27 1.53 42.27 1.53
8.0 8.1 1880 -inf -inf 40.27 1.38 41.48 2.42 41.95 2.74 42.15 2.93
8.0 8.3 1091 -inf -inf 41.03 1.92 41.73 2.47 42.09 2.72 42.39 2.86
8.0 8.5 586 40.7 1.35 41.74 2.3 42.08 2.59 42.43 2.8 42.74 2.93
8.0 8.7 267 41.8 2.28 42.16 2.43 42.28 2.63 42.64 2.8 42.92 2.95
8.0 8.9 186 42.08 2.24 42.3 2.46 42.62 2.64 42.84 2.76 42.95 2.84
8.0 9.1 118 40.05 0.26 41.96 2.02 42.58 2.53 42.87 2.69 43.19 2.88
8.0 9.3 116 41.37 1.39 42.56 2.31 42.68 2.49 43.03 2.68 43.11 2.7
8.0 9.5 83 42.18 1.95 42.28 1.97 42.55 2.3 42.84 2.53 43.35 2.74
8.0 9.7 62 42.01 1.84 42.44 2.11 42.63 2.4 43.07 2.58 43.25 2.62
8.0 9.9 35 42.2 1.76 42.26 1.8 42.37 1.88 42.66 2.23 43.46 2.67
8.0 10.1 12 41.98 1.59 41.98 1.59 42.84 2.24 43.17 2.47 43.39 2.68
8.0 10.3 9 41.83 0.82 42.64 1.82 42.74 2.2 43.27 2.42 43.45 2.48
8.0 10.5 3 43.02 2.06 43.05 2.09 43.12 2.15 43.2 2.25 43.23 2.29
7.0 8.1 3686 -inf -inf 39.99 1.17 41.47 2.42 41.84 2.72 42.12 2.88
7.0 8.3 2154 -inf -inf 41.1 1.96 41.68 2.46 42.06 2.71 42.32 2.87
7.0 8.5 1350 -inf -inf 41.46 2.12 42.0 2.53 42.27 2.71 42.49 2.84
7.0 8.7 748 41.34 1.75 41.98 2.33 42.29 2.59 42.47 2.73 42.71 2.88
7.0 8.9 397 42.11 2.32 42.25 2.5 42.59 2.68 42.79 2.77 42.93 2.84
7.0 9.1 256 41.24 1.6 42.26 2.32 42.58 2.51 42.83 2.68 42.97 2.81
7.0 9.3 212 41.7 1.65 42.1 2.07 42.56 2.37 42.8 2.56 43.01 2.75
7.0 9.5 191 40.28 0.09 42.54 2.33 42.77 2.43 42.97 2.59 43.05 2.68
7.0 9.7 150 42.0 1.79 42.2 2.01 42.84 2.37 42.95 2.45 43.24 2.68
7.0 9.9 89 41.95 1.66 42.01 1.85 42.72 2.3 43.1 2.44 43.15 2.66
7.0 10.1 58 41.29 0.84 42.42 1.88 42.61 2.1 43.2 2.42 43.35 2.52
7.0 10.3 32 42.18 1.58 42.45 1.92 42.93 2.14 43.24 2.54 43.48 2.54
7.0 10.5 16 41.9 0.86 42.8 2.0 43.14 2.23 43.32 2.29 43.5 2.43
7.0 10.7 4 42.78 1.77 42.85 1.87 43.18 2.25 43.38 2.3 43.4 2.32
6.0 8.1 6719 -inf -inf -inf -inf 41.29 2.29 41.74 2.68 42.03 2.88
6.0 8.3 4107 -inf -inf 40.53 1.47 41.6 2.41 41.98 2.69 42.24 2.86
6.0 8.5 2721 -inf -inf 41.4 2.07 41.87 2.48 42.18 2.69 42.39 2.84
6.0 8.7 1706 40.62 1.29 41.76 2.23 42.09 2.5 42.35 2.67 42.54 2.79
6.0 8.9 1012 41.19 1.56 41.99 2.26 42.32 2.51 42.56 2.67 42.73 2.81
6.0 9.1 563 42.06 2.14 42.25 2.32 42.59 2.55 42.79 2.71 42.89 2.76
6.0 9.3 376 41.02 1.05 42.41 2.28 42.71 2.49 42.93 2.68 43.12 2.83
6.0 9.5 381 42.04 1.83 42.21 2.05 42.64 2.39 42.91 2.52 43.09 2.61
6.0 9.7 310 41.49 1.53 41.75 1.78 42.55 2.29 42.96 2.48 43.15 2.57
6.0 9.9 242 41.65 1.32 42.04 1.96 42.53 2.17 42.84 2.4 43.1 2.45
6.0 10.1 179 41.98 1.67 42.21 1.89 42.71 2.11 42.96 2.32 43.1 2.4
6.0 10.3 88 41.8 0.9 41.84 1.25 42.7 2.12 43.18 2.36 43.41 2.57
6.0 10.5 53 41.6 0.81 42.35 1.54 42.98 2.1 43.07 2.2 43.31 2.36
6.0 10.7 27 42.61 1.64 43.06 2.05 43.36 2.12 43.4 2.18 43.43 2.24
6.0 10.9 7 42.91 1.81 43.05 1.89 43.32 2.1 43.53 2.3 43.58 2.33
5.0 8.1 10814 -inf -inf -inf -inf 41.1 2.17 41.66 2.68 42.02 2.9
5.0 8.3 7187 -inf -inf 40.26 1.24 41.51 2.39 41.88 2.67 42.15 2.84
5.0 8.5 4782 -inf -inf 41.1 1.81 41.75 2.42 42.07 2.66 42.32 2.8
5.0 8.7 3342 40.26 0.95 41.63 2.15 41.99 2.46 42.27 2.66 42.52 2.8
5.0 8.9 2247 41.46 1.94 41.98 2.28 42.26 2.49 42.48 2.65 42.69 2.78
5.0 9.1 1400 41.86 2.03 42.13 2.24 42.43 2.48 42.69 2.66 42.86 2.76
5.0 9.3 801 41.74 1.85 42.24 2.19 42.55 2.42 42.81 2.59 42.94 2.7
5.0 9.5 594 41.29 1.31 42.36 2.17 42.63 2.35 42.89 2.5 43.01 2.6
5.0 9.7 635 41.7 1.53 42.24 2.04 42.54 2.22 42.9 2.42 43.16 2.58
5.0 9.9 500 39.87 -0.62 41.99 1.69 42.46 2.12 42.79 2.31 43.08 2.47
5.0 10.1 463 39.94 -0.08 41.28 1.03 42.5 2.07 43.02 2.36 43.21 2.48
5.0 10.3 287 41.5 0.95 42.33 1.82 42.62 2.07 43.02 2.27 43.2 2.4
5.0 10.5 148 41.79 1.21 42.58 1.83 42.87 2.14 43.22 2.26 43.31 2.38
5.0 10.7 84 42.14 1.19 42.53 1.74 43.08 1.97 43.32 2.29 43.65 2.48
5.0 10.9 33 42.24 1.29 42.75 1.91 42.78 1.94 43.24 2.14 43.7 2.38
5.0 11.1 10 42.66 1.37 42.66 1.37 42.71 1.41 43.07 1.67 43.67 2.16
