flares_data/data/scaling_relations/log10Mstar/OIII4959-OIII5007.ecsv
# %ECSV 1.0
# ---
# datatype:
# - {name: z, datatype: float64}
# - {name: log10Mstar, unit: dex(solMass), datatype: float64, description: log10(stellar mass)}
# - {name: N, datatype: int64}
# - {name: OIII4959-OIII5007_log10L_P2.2, unit: dex(erg / s), datatype: float64, description: log10(OIII4959-OIII5007 luminosity)}
# - {name: OIII4959-OIII5007_log10EW_P2.2, unit: dex(Angstrom), datatype: float64, description: log10(OIII4959-OIII5007 equivalent width)}
# - {name: OIII4959-OIII5007_log10L_P15.8, unit: dex(erg / s), datatype: float64, description: log10(OIII4959-OIII5007 luminosity)}
# - {name: OIII4959-OIII5007_log10EW_P15.8, unit: dex(Angstrom), datatype: float64, description: log10(OIII4959-OIII5007 equivalent width)}
# - {name: OIII4959-OIII5007_log10L_P50.0, unit: dex(erg / s), datatype: float64, description: log10(OIII4959-OIII5007 luminosity)}
# - {name: OIII4959-OIII5007_log10EW_P50.0, unit: dex(Angstrom), datatype: float64, description: log10(OIII4959-OIII5007 equivalent width)}
# - {name: OIII4959-OIII5007_log10L_P84.2, unit: dex(erg / s), datatype: float64, description: log10(OIII4959-OIII5007 luminosity)}
# - {name: OIII4959-OIII5007_log10EW_P84.2, unit: dex(Angstrom), datatype: float64, description: log10(OIII4959-OIII5007 equivalent width)}
# - {name: OIII4959-OIII5007_log10L_P97.8, unit: dex(erg / s), datatype: float64, description: log10(OIII4959-OIII5007 luminosity)}
# - {name: OIII4959-OIII5007_log10EW_P97.8, unit: dex(Angstrom), datatype: float64, description: log10(OIII4959-OIII5007 equivalent width)}
# meta: !!omap
# - {name: FLARES}
# - references: []
# - percentiles: [2.2, 15.8, 50.0, 84.2, 97.8]
# schema: astropy-2.0
z log10Mstar N OIII4959-OIII5007_log10L_P2.2 OIII4959-OIII5007_log10EW_P2.2 OIII4959-OIII5007_log10L_P15.8 OIII4959-OIII5007_log10EW_P15.8 OIII4959-OIII5007_log10L_P50.0 OIII4959-OIII5007_log10EW_P50.0 OIII4959-OIII5007_log10L_P84.2 OIII4959-OIII5007_log10EW_P84.2 OIII4959-OIII5007_log10L_P97.8 OIII4959-OIII5007_log10EW_P97.8
10.0 8.1 443 -inf -inf 41.25 2.08 41.89 2.69 42.27 2.91 42.51 3.09
10.0 8.3 174 -inf -inf -inf -inf 41.76 2.45 42.45 2.94 42.56 3.01
10.0 8.5 96 41.59 2.19 42.37 2.8 42.42 2.85 42.76 2.96 42.94 3.05
10.0 8.7 49 42.04 2.34 42.41 2.78 42.64 2.84 43.19 3.11 43.21 3.12
10.0 8.9 56 42.03 2.23 42.03 2.27 42.14 2.35 42.99 2.91 43.15 2.97
10.0 9.1 30 42.03 2.1 42.38 2.38 42.43 2.43 42.57 2.54 43.25 2.99
10.0 9.3 21 42.37 2.26 42.47 2.36 43.18 2.84 43.22 2.86 43.22 2.86
10.0 9.5 14 42.49 2.37 42.97 2.49 42.99 2.56 43.19 2.58 43.29 2.65
10.0 9.7 5 43.08 2.59 43.12 2.64 43.19 2.68 43.33 2.73 43.39 2.74
10.0 9.9 0 nan nan nan nan nan nan nan nan nan nan
10.0 10.1 2 42.25 1.94 42.25 1.94 42.32 1.97 42.83 2.22 43.0 2.3
9.0 8.1 940 -inf -inf 41.14 2.07 41.82 2.62 42.15 2.92 42.42 3.04
9.0 8.3 457 -inf -inf 41.59 2.37 41.99 2.64 42.31 2.89 42.54 2.99
9.0 8.5 237 41.72 2.28 41.95 2.59 42.36 2.81 42.66 2.97 42.79 3.01
9.0 8.7 121 42.43 2.68 42.54 2.77 42.67 2.84 42.75 2.87 42.91 2.99
9.0 8.9 73 41.89 2.15 42.55 2.67 42.73 2.79 42.86 2.85 43.2 3.05
9.0 9.1 78 39.6 0.08 41.36 1.48 42.62 2.56 43.07 2.84 43.47 3.07
9.0 9.3 55 42.04 2.06 42.69 2.45 42.85 2.56 43.13 2.8 43.15 2.86
9.0 9.5 36 42.22 2.01 42.35 2.27 42.92 2.58 43.03 2.66 43.34 2.83
9.0 9.7 14 42.57 2.07 42.58 2.1 42.59 2.17 42.64 2.27 43.05 2.6
9.0 9.9 9 42.71 2.2 42.82 2.25 43.05 2.42 43.31 2.78 43.6 2.85
9.0 10.1 6 42.36 1.86 42.36 1.92 42.51 2.12 43.23 2.46 43.58 2.73
9.0 10.3 1 42.4 1.64 42.4 1.64 42.4 1.64 42.4 1.64 42.4 1.64
8.0 8.1 1880 -inf -inf 40.4 1.49 41.61 2.54 42.07 2.86 42.28 3.05
8.0 8.3 1091 -inf -inf 41.15 2.04 41.86 2.59 42.22 2.84 42.52 2.98
8.0 8.5 586 40.83 1.47 41.86 2.42 42.21 2.71 42.55 2.92 42.87 3.04
8.0 8.7 267 41.93 2.4 42.28 2.55 42.4 2.75 42.76 2.91 43.05 3.07
8.0 8.9 186 42.21 2.35 42.43 2.57 42.75 2.76 42.97 2.88 43.07 2.95
8.0 9.1 118 40.17 0.37 42.09 2.14 42.71 2.65 42.99 2.81 43.31 3.0
8.0 9.3 116 41.49 1.51 42.68 2.42 42.8 2.61 43.15 2.8 43.24 2.81
8.0 9.5 83 42.3 2.06 42.41 2.09 42.67 2.42 42.96 2.65 43.47 2.86
8.0 9.7 62 42.13 1.96 42.56 2.23 42.75 2.52 43.19 2.69 43.37 2.74
8.0 9.9 35 42.33 1.87 42.39 1.92 42.49 2.0 42.78 2.35 43.58 2.79
8.0 10.1 12 42.1 1.71 42.1 1.71 42.96 2.35 43.29 2.58 43.52 2.79
8.0 10.3 9 41.96 0.94 42.76 1.94 42.87 2.32 43.39 2.54 43.58 2.6
8.0 10.5 3 43.14 2.18 43.17 2.2 43.24 2.27 43.32 2.37 43.35 2.41
7.0 8.1 3686 -inf -inf 40.12 1.28 41.6 2.54 41.96 2.84 42.24 3.0
7.0 8.3 2154 -inf -inf 41.23 2.08 41.8 2.57 42.19 2.83 42.44 2.99
7.0 8.5 1350 -inf -inf 41.59 2.24 42.13 2.65 42.39 2.83 42.62 2.96
7.0 8.7 748 41.46 1.86 42.1 2.45 42.41 2.71 42.59 2.85 42.83 3.0
7.0 8.9 397 42.23 2.44 42.38 2.62 42.71 2.8 42.91 2.89 43.06 2.96
7.0 9.1 256 41.36 1.72 42.39 2.44 42.7 2.62 42.95 2.8 43.09 2.92
7.0 9.3 212 41.82 1.76 42.22 2.18 42.69 2.48 42.93 2.68 43.13 2.87
7.0 9.5 191 40.4 0.21 42.67 2.45 42.9 2.55 43.1 2.71 43.17 2.8
7.0 9.7 150 42.13 1.91 42.33 2.12 42.96 2.48 43.08 2.57 43.36 2.8
7.0 9.9 89 42.08 1.78 42.14 1.97 42.85 2.42 43.22 2.55 43.28 2.78
7.0 10.1 58 41.41 0.96 42.54 2.0 42.73 2.22 43.33 2.53 43.48 2.64
7.0 10.3 32 42.31 1.69 42.58 2.04 43.06 2.25 43.36 2.66 43.6 2.66
7.0 10.5 16 42.03 0.97 42.92 2.11 43.27 2.35 43.44 2.41 43.62 2.55
7.0 10.7 4 42.9 1.89 42.97 1.99 43.3 2.37 43.5 2.42 43.53 2.44
6.0 8.1 6719 -inf -inf -inf -inf 41.42 2.4 41.87 2.8 42.15 3.0
6.0 8.3 4107 -inf -inf 40.66 1.59 41.72 2.53 42.1 2.81 42.36 2.98
6.0 8.5 2721 -inf -inf 41.53 2.18 41.99 2.6 42.31 2.81 42.52 2.96
6.0 8.7 1706 40.75 1.41 41.88 2.34 42.22 2.62 42.48 2.79 42.66 2.91
6.0 8.9 1012 41.31 1.67 42.11 2.37 42.44 2.63 42.68 2.79 42.86 2.92
6.0 9.1 563 42.19 2.26 42.38 2.44 42.72 2.67 42.91 2.83 43.02 2.88
6.0 9.3 376 41.14 1.17 42.54 2.39 42.83 2.61 43.05 2.8 43.24 2.95
6.0 9.5 381 42.17 1.94 42.34 2.17 42.76 2.5 43.03 2.64 43.22 2.72
6.0 9.7 310 41.62 1.65 41.88 1.89 42.68 2.41 43.09 2.59 43.27 2.69
6.0 9.9 242 41.77 1.44 42.17 2.07 42.65 2.29 42.96 2.52 43.22 2.57
6.0 10.1 179 42.11 1.79 42.33 2.01 42.84 2.23 43.08 2.44 43.23 2.51
6.0 10.3 88 41.92 1.02 41.97 1.36 42.83 2.24 43.31 2.48 43.54 2.69
6.0 10.5 53 41.72 0.93 42.47 1.65 43.1 2.21 43.19 2.31 43.43 2.48
6.0 10.7 27 42.74 1.76 43.19 2.17 43.49 2.24 43.53 2.3 43.56 2.36
6.0 10.9 7 43.03 1.93 43.17 2.01 43.45 2.21 43.65 2.42 43.71 2.45
5.0 8.1 10814 -inf -inf -inf -inf 41.23 2.29 41.79 2.8 42.14 3.02
5.0 8.3 7187 -inf -inf 40.38 1.36 41.63 2.51 42.0 2.79 42.28 2.96
5.0 8.5 4782 -inf -inf 41.22 1.93 41.88 2.54 42.2 2.78 42.45 2.92
5.0 8.7 3342 40.38 1.07 41.76 2.27 42.12 2.58 42.4 2.77 42.65 2.92
5.0 8.9 2247 41.58 2.06 42.1 2.4 42.38 2.61 42.61 2.76 42.82 2.9
5.0 9.1 1400 41.98 2.15 42.26 2.36 42.56 2.59 42.82 2.78 42.99 2.88
5.0 9.3 801 41.86 1.97 42.37 2.31 42.67 2.54 42.93 2.71 43.07 2.81
5.0 9.5 594 41.41 1.43 42.48 2.29 42.75 2.47 43.02 2.62 43.13 2.72
5.0 9.7 635 41.83 1.65 42.37 2.15 42.66 2.34 43.02 2.54 43.29 2.69
5.0 9.9 500 40.0 -0.5 42.12 1.8 42.59 2.24 42.91 2.43 43.21 2.59
5.0 10.1 463 40.07 0.04 41.4 1.15 42.62 2.18 43.15 2.48 43.34 2.6
5.0 10.3 287 41.63 1.07 42.45 1.93 42.75 2.19 43.14 2.39 43.32 2.52
5.0 10.5 148 41.91 1.33 42.7 1.95 42.99 2.25 43.34 2.37 43.43 2.5
5.0 10.7 84 42.26 1.31 42.66 1.85 43.21 2.08 43.45 2.4 43.77 2.6
5.0 10.9 33 42.36 1.41 42.88 2.02 42.91 2.06 43.37 2.26 43.82 2.49
5.0 11.1 10 42.78 1.49 42.78 1.49 42.84 1.53 43.2 1.79 43.79 2.28
