flares_data/data/scaling_relations/log10Mstar/SFR10-SFR100.ecsv
# %ECSV 1.0
# ---
# datatype:
# - {name: z, datatype: float64}
# - {name: log10Mstar, unit: dex(Msol), datatype: float64, description: log10(stellar mass)}
# - {name: N, datatype: int64, description: number of galaxies in bin}
# - {name: log10SFR10/SFR100_P2.2, datatype: float64}
# - {name: log10SFR10/SFR100_P15.8, datatype: float64}
# - {name: log10SFR10/SFR100_P50.0, datatype: float64}
# - {name: log10SFR10/SFR100_P84.2, datatype: float64}
# - {name: log10SFR10/SFR100_P97.8, datatype: float64}
# meta: !!omap
# - {name: FLARES}
# - references: []
# - percentiles: [2.2, 15.8, 50.0, 84.2, 97.8]
# schema: astropy-2.0
z log10Mstar N log10SFR10/SFR100_P2.2 log10SFR10/SFR100_P15.8 log10SFR10/SFR100_P50.0 log10SFR10/SFR100_P84.2 log10SFR10/SFR100_P97.8
10.0 8.1 443 -inf -0.23 0.11 0.34 0.65
10.0 8.3 174 -inf -inf -0.2 0.28 0.46
10.0 8.5 96 -0.31 0.07 0.23 0.36 0.5
10.0 8.7 49 -0.15 0.17 0.25 0.43 0.43
10.0 8.9 56 -0.03 0.08 0.1 0.32 0.37
10.0 9.1 30 -0.03 0.11 0.22 0.23 0.32
10.0 9.3 21 0.07 0.09 0.27 0.3 0.31
10.0 9.5 14 0.01 0.15 0.16 0.18 0.2
10.0 9.7 5 0.01 0.12 0.12 0.18 0.29
10.0 10.1 2 -0.02 -0.02 0.01 0.01 0.01
10.0 10.3 1 0.16 0.16 0.16 0.16 0.16
9.0 8.1 940 -inf -0.3 0.04 0.32 0.55
9.0 8.3 457 -inf -0.26 0.03 0.33 0.41
9.0 8.5 237 -0.29 -0.03 0.16 0.34 0.47
9.0 8.7 121 0.07 0.16 0.23 0.31 0.41
9.0 8.9 73 -0.12 0.14 0.17 0.38 0.5
9.0 9.1 78 -0.83 -0.42 0.09 0.42 0.54
9.0 9.3 55 -0.01 0.01 0.14 0.28 0.44
9.0 9.5 36 -0.69 -0.21 -0.0 0.25 0.3
9.0 9.7 14 -0.08 -0.08 -0.08 -0.06 0.05
9.0 9.9 9 0.0 0.01 0.04 0.09 0.31
9.0 10.1 6 -0.2 -0.2 -0.03 0.2 0.32
9.0 10.3 1 -0.1 -0.1 -0.1 -0.1 -0.1
9.0 10.5 1 0.0 0.0 0.0 0.0 0.0
8.0 8.1 1880 -inf -0.5 -0.02 0.3 0.51
8.0 8.3 1091 -inf -0.41 -0.02 0.26 0.46
8.0 8.5 586 -0.48 -0.2 0.03 0.3 0.48
8.0 8.7 267 -0.38 -0.2 0.05 0.32 0.47
8.0 8.9 186 -0.05 0.02 0.24 0.29 0.35
8.0 9.1 118 -0.51 -0.04 0.06 0.23 0.34
8.0 9.3 116 -0.15 0.03 0.08 0.18 0.25
8.0 9.5 83 -0.03 -0.01 0.03 0.13 0.3
8.0 9.7 62 -0.09 -0.05 0.03 0.14 0.24
8.0 9.9 35 -0.11 -0.1 -0.08 0.15 0.33
8.0 10.1 12 -0.2 -0.16 -0.12 0.11 0.14
8.0 10.3 9 -0.97 -0.07 0.02 0.03 0.1
8.0 10.5 3 -0.06 -0.05 -0.05 0.03 0.07
8.0 10.7 1 -0.16 -0.16 -0.16 -0.16 -0.16
7.0 8.1 3686 -inf -0.56 0.01 0.3 0.56
7.0 8.3 2154 -inf -0.27 0.02 0.24 0.45
7.0 8.5 1350 -inf -0.25 0.06 0.27 0.43
7.0 8.7 748 -0.55 -0.14 0.07 0.24 0.38
7.0 8.9 397 -0.21 -0.03 0.15 0.23 0.35
7.0 9.1 256 -0.07 0.05 0.1 0.24 0.29
7.0 9.3 212 -0.2 -0.05 0.1 0.2 0.28
7.0 9.5 191 -0.71 -0.02 0.08 0.17 0.28
7.0 9.7 150 -0.1 -0.04 0.07 0.14 0.24
7.0 9.9 89 -0.11 -0.03 0.05 0.16 0.27
7.0 10.1 58 -0.73 -0.04 0.09 0.16 0.2
7.0 10.3 32 -inf -0.07 -0.03 0.03 0.26
7.0 10.5 16 -0.5 -0.07 -0.05 -0.03 0.06
7.0 10.7 4 -0.1 -0.09 -0.03 -0.0 0.0
7.0 10.9 1 -0.3 -0.3 -0.3 -0.3 -0.3
6.0 8.1 6719 -inf -inf -0.03 0.3 0.52
6.0 8.3 4107 -inf -0.44 -0.01 0.24 0.46
6.0 8.5 2721 -inf -0.31 0.02 0.24 0.42
6.0 8.7 1706 -0.71 -0.26 0.01 0.19 0.32
6.0 8.9 1012 -0.64 -0.18 0.04 0.22 0.31
6.0 9.1 563 -0.26 -0.05 0.08 0.24 0.39
6.0 9.3 376 -0.11 0.07 0.11 0.2 0.3
6.0 9.5 381 -0.3 -0.02 0.04 0.16 0.21
6.0 9.7 310 -0.18 -0.04 0.06 0.16 0.47
6.0 9.9 242 -0.18 -0.04 0.03 0.12 0.23
6.0 10.1 179 -0.09 -0.03 0.02 0.06 0.13
6.0 10.3 88 -0.89 -0.18 -0.08 0.03 0.18
6.0 10.5 53 -0.31 -0.24 -0.12 0.01 0.22
6.0 10.7 27 -0.16 -0.03 0.04 0.05 0.06
6.0 10.9 7 -0.76 -0.6 -0.05 0.09 0.16
6.0 11.1 1 -0.3 -0.3 -0.3 -0.3 -0.3
5.0 8.1 10814 -inf -inf -0.04 0.3 0.6
5.0 8.3 7187 -inf -0.51 -0.01 0.27 0.49
5.0 8.5 4782 -inf -0.32 0.01 0.22 0.42
5.0 8.7 3342 -0.75 -0.22 0.03 0.21 0.39
5.0 8.9 2247 -0.43 -0.14 0.06 0.2 0.34
5.0 9.1 1400 -0.37 -0.15 0.05 0.21 0.29
5.0 9.3 801 -0.41 -0.07 0.06 0.17 0.28
5.0 9.5 594 -0.14 -0.02 0.06 0.16 0.26
5.0 9.7 635 -0.15 -0.04 0.03 0.11 0.28
5.0 9.9 500 -0.37 -0.07 0.0 0.07 0.21
5.0 10.1 463 -0.28 -0.06 0.0 0.08 0.2
5.0 10.3 287 -0.4 -0.05 0.0 0.07 0.17
5.0 10.5 148 -0.23 -0.1 -0.03 0.0 0.08
5.0 10.7 84 -0.18 -0.08 0.02 0.11 0.12
5.0 10.9 33 -0.37 -0.05 -0.04 -0.01 0.11
5.0 11.1 10 -0.14 0.02 0.03 0.14 0.2
5.0 11.3 2 -0.18 -0.18 -0.16 -0.01 0.04
