flares_data/data/scaling_relations/MFUV_stellar/beta_stellar.ecsv
# %ECSV 1.0
# ---
# datatype:
# - {name: z, datatype: float64}
# - {name: MFUV_stellar, unit: '', datatype: float64, description: rest-frame pure-stellar far-UV luminosity}
# - {name: N, datatype: int64, description: number of galaxies in bin}
# - {name: beta_stellar_P2.2, unit: '', datatype: float64, description: pure stellar UV continuum slope (\beta)}
# - {name: beta_stellar_P15.8, unit: '', datatype: float64, description: pure stellar UV continuum slope (\beta)}
# - {name: beta_stellar_P50.0, unit: '', datatype: float64, description: pure stellar UV continuum slope (\beta)}
# - {name: beta_stellar_P84.2, unit: '', datatype: float64, description: pure stellar UV continuum slope (\beta)}
# - {name: beta_stellar_P97.8, unit: '', datatype: float64, description: pure stellar UV continuum slope (\beta)}
# meta: !!omap
# - {name: FLARES}
# - references: []
# - percentiles: [2.2, 15.8, 50.0, 84.2, 97.8]
# schema: astropy-2.0
z MFUV_stellar N beta_stellar_P2.2 beta_stellar_P15.8 beta_stellar_P50.0 beta_stellar_P84.2 beta_stellar_P97.8
15.0 -21.5 1 -2.66 -2.66 -2.66 -2.66 -2.66
15.0 -20.3 1 -2.78 -2.78 -2.78 -2.78 -2.78
15.0 -20.1 3 -2.8 -2.8 -2.77 -2.73 -2.72
15.0 -19.9 2 -2.88 -2.88 -2.84 -2.75 -2.74
15.0 -19.7 7 -2.87 -2.86 -2.82 -2.81 -2.73
15.0 -19.5 7 -2.89 -2.88 -2.83 -2.78 -2.73
15.0 -19.3 5 -2.9 -2.89 -2.79 -2.77 -2.77
15.0 -19.1 7 -2.97 -2.93 -2.8 -2.79 -2.78
15.0 -18.9 20 -2.9 -2.8 -2.79 -2.78 -2.76
15.0 -18.7 24 -3.01 -2.95 -2.87 -2.79 -2.73
15.0 -18.5 38 -3.01 -2.87 -2.86 -2.83 -2.76
15.0 -18.3 53 -3.0 -2.91 -2.85 -2.75 -2.75
14.0 -22.5 1 -2.68 -2.68 -2.68 -2.68 -2.68
14.0 -22.3 1 -2.63 -2.63 -2.63 -2.63 -2.63
14.0 -21.5 1 -2.71 -2.71 -2.71 -2.71 -2.71
14.0 -21.1 1 -2.78 -2.78 -2.78 -2.78 -2.78
14.0 -20.7 2 -2.8 -2.8 -2.78 -2.76 -2.76
14.0 -20.3 5 -2.82 -2.81 -2.7 -2.68 -2.67
14.0 -20.1 7 -2.87 -2.86 -2.85 -2.78 -2.7
14.0 -19.9 3 -2.85 -2.85 -2.81 -2.75 -2.75
14.0 -19.7 13 -2.9 -2.84 -2.77 -2.68 -2.65
14.0 -19.5 12 -2.86 -2.85 -2.84 -2.72 -2.71
14.0 -19.3 22 -2.86 -2.85 -2.67 -2.65 -2.64
14.0 -19.1 22 -2.95 -2.89 -2.88 -2.76 -2.64
14.0 -18.9 43 -2.98 -2.96 -2.89 -2.79 -2.7
14.0 -18.7 64 -2.95 -2.91 -2.87 -2.81 -2.72
14.0 -18.5 101 -3.05 -2.99 -2.92 -2.81 -2.73
14.0 -18.3 155 -3.02 -2.99 -2.85 -2.8 -2.71
13.0 -22.1 2 -2.8 -2.8 -2.71 -2.49 -2.48
13.0 -21.9 1 -2.7 -2.7 -2.7 -2.7 -2.7
13.0 -21.7 1 -2.64 -2.64 -2.64 -2.64 -2.64
13.0 -21.5 2 -2.63 -2.63 -2.6 -2.58 -2.58
13.0 -21.3 2 -2.7 -2.7 -2.68 -2.66 -2.66
13.0 -21.1 4 -2.81 -2.77 -2.69 -2.62 -2.59
13.0 -20.9 2 -2.8 -2.8 -2.75 -2.71 -2.71
13.0 -20.7 5 -2.76 -2.75 -2.72 -2.69 -2.66
13.0 -20.5 4 -2.81 -2.8 -2.74 -2.67 -2.66
13.0 -20.3 6 -2.76 -2.75 -2.71 -2.68 -2.67
13.0 -20.1 15 -2.79 -2.77 -2.74 -2.73 -2.73
13.0 -19.9 9 -2.9 -2.74 -2.68 -2.65 -2.6
13.0 -19.7 14 -2.86 -2.82 -2.73 -2.68 -2.67
13.0 -19.5 27 -2.86 -2.86 -2.82 -2.62 -2.6
13.0 -19.3 34 -2.86 -2.86 -2.83 -2.71 -2.68
13.0 -19.1 58 -2.9 -2.86 -2.81 -2.71 -2.65
13.0 -18.9 73 -2.97 -2.87 -2.85 -2.79 -2.73
13.0 -18.7 141 -3.02 -2.94 -2.82 -2.77 -2.69
13.0 -18.5 204 -3.07 -2.98 -2.85 -2.8 -2.75
13.0 -18.3 339 -3.03 -2.94 -2.86 -2.76 -2.63
12.0 -22.7 1 -2.54 -2.54 -2.54 -2.54 -2.54
12.0 -22.5 1 -2.53 -2.53 -2.53 -2.53 -2.53
12.0 -22.3 2 -2.58 -2.58 -2.53 -2.46 -2.46
12.0 -22.1 1 -2.5 -2.5 -2.5 -2.5 -2.5
12.0 -21.9 2 -2.59 -2.59 -2.58 -2.57 -2.57
12.0 -21.7 4 -2.77 -2.77 -2.77 -2.76 -2.57
12.0 -21.5 3 -2.71 -2.68 -2.63 -2.62 -2.62
12.0 -21.3 12 -2.81 -2.69 -2.63 -2.56 -2.54
12.0 -21.1 4 -2.75 -2.73 -2.72 -2.63 -2.6
12.0 -20.9 5 -2.75 -2.64 -2.63 -2.6 -2.59
12.0 -20.7 8 -2.8 -2.78 -2.74 -2.73 -2.6
12.0 -20.5 16 -2.86 -2.76 -2.68 -2.64 -2.63
12.0 -20.3 17 -2.81 -2.8 -2.68 -2.62 -2.62
12.0 -20.1 17 -2.86 -2.79 -2.74 -2.66 -2.57
12.0 -19.9 17 -2.82 -2.77 -2.61 -2.57 -2.56
12.0 -19.7 27 -2.93 -2.83 -2.74 -2.62 -2.55
12.0 -19.5 30 -2.88 -2.83 -2.78 -2.68 -2.61
12.0 -19.3 54 -2.84 -2.81 -2.73 -2.67 -2.55
12.0 -19.1 92 -2.93 -2.86 -2.78 -2.73 -2.65
12.0 -18.9 138 -2.92 -2.88 -2.78 -2.71 -2.56
12.0 -18.7 179 -2.97 -2.9 -2.81 -2.71 -2.66
12.0 -18.5 342 -3.06 -2.99 -2.85 -2.72 -2.64
12.0 -18.3 531 -3.07 -2.95 -2.82 -2.76 -2.68
11.0 -22.7 2 -2.63 -2.63 -2.49 -2.41 -2.41
11.0 -22.5 5 -2.71 -2.65 -2.6 -2.59 -2.4
11.0 -22.3 4 -2.63 -2.6 -2.51 -2.3 -2.27
11.0 -22.1 5 -2.63 -2.63 -2.57 -2.53 -2.45
11.0 -21.9 8 -2.67 -2.62 -2.6 -2.58 -2.56
11.0 -21.7 5 -2.7 -2.63 -2.51 -2.46 -2.44
11.0 -21.5 9 -2.66 -2.65 -2.64 -2.62 -2.6
11.0 -21.3 9 -2.72 -2.68 -2.52 -2.43 -2.42
11.0 -21.1 17 -2.73 -2.71 -2.69 -2.68 -2.54
11.0 -20.9 12 -2.82 -2.77 -2.67 -2.57 -2.55
11.0 -20.7 14 -2.77 -2.72 -2.64 -2.6 -2.56
11.0 -20.5 23 -2.78 -2.66 -2.57 -2.5 -2.47
11.0 -20.3 16 -2.84 -2.77 -2.7 -2.54 -2.52
11.0 -20.1 28 -2.87 -2.84 -2.68 -2.67 -2.57
11.0 -19.9 23 -2.84 -2.73 -2.72 -2.71 -2.67
11.0 -19.7 28 -2.78 -2.69 -2.68 -2.62 -2.62
11.0 -19.5 52 -2.82 -2.78 -2.7 -2.6 -2.37
11.0 -19.3 80 -2.87 -2.85 -2.69 -2.62 -2.6
11.0 -19.1 102 -2.91 -2.85 -2.79 -2.69 -2.64
11.0 -18.9 204 -2.98 -2.91 -2.81 -2.7 -2.58
11.0 -18.7 278 -3.06 -2.92 -2.8 -2.73 -2.65
11.0 -18.5 468 -3.06 -2.93 -2.8 -2.65 -2.54
11.0 -18.3 723 -3.05 -2.95 -2.82 -2.74 -2.57
10.0 -22.9 7 -2.58 -2.57 -2.56 -2.51 -2.45
10.0 -22.7 7 -2.72 -2.71 -2.59 -2.4 -2.39
10.0 -22.5 6 -2.61 -2.54 -2.52 -2.46 -2.4
10.0 -22.3 11 -2.63 -2.5 -2.41 -2.38 -2.37
10.0 -22.1 13 -2.77 -2.69 -2.62 -2.54 -2.49
10.0 -21.9 12 -2.76 -2.73 -2.62 -2.45 -2.41
10.0 -21.7 13 -2.78 -2.78 -2.54 -2.5 -2.5
10.0 -21.5 20 -2.69 -2.68 -2.68 -2.64 -2.44
10.0 -21.3 22 -2.79 -2.76 -2.65 -2.4 -2.38
10.0 -21.1 22 -2.79 -2.79 -2.78 -2.67 -2.5
10.0 -20.9 18 -2.83 -2.77 -2.73 -2.67 -2.46
10.0 -20.7 30 -2.76 -2.72 -2.48 -2.45 -2.42
10.0 -20.5 19 -2.84 -2.75 -2.74 -2.5 -2.49
10.0 -20.3 35 -2.76 -2.71 -2.65 -2.6 -2.6
10.0 -20.1 39 -2.81 -2.78 -2.68 -2.62 -2.6
10.0 -19.9 46 -2.82 -2.81 -2.8 -2.73 -2.62
10.0 -19.7 68 -2.84 -2.81 -2.76 -2.75 -2.63
10.0 -19.5 77 -2.82 -2.81 -2.74 -2.69 -2.64
10.0 -19.3 117 -2.99 -2.91 -2.75 -2.7 -2.67
10.0 -19.1 156 -2.96 -2.91 -2.79 -2.71 -2.52
10.0 -18.9 264 -2.94 -2.86 -2.76 -2.67 -2.48
10.0 -18.7 372 -2.98 -2.89 -2.78 -2.63 -2.56
10.0 -18.5 629 -3.02 -2.91 -2.82 -2.7 -2.61
10.0 -18.3 1003 -3.0 -2.9 -2.81 -2.7 -2.54
9.0 -22.9 15 -2.62 -2.52 -2.33 -2.32 -2.06
9.0 -22.7 14 -2.65 -2.65 -2.6 -2.4 -2.39
9.0 -22.5 17 -2.8 -2.65 -2.59 -2.48 -2.4
9.0 -22.3 27 -2.61 -2.48 -2.47 -2.43 -2.4
9.0 -22.1 26 -2.73 -2.63 -2.24 -2.24 -2.24
9.0 -21.9 27 -2.74 -2.62 -2.49 -2.48 -2.31
9.0 -21.7 30 -2.77 -2.77 -2.68 -2.52 -2.37
9.0 -21.5 27 -2.76 -2.72 -2.5 -2.49 -2.44
9.0 -21.3 31 -2.73 -2.67 -2.67 -2.6 -2.33
9.0 -21.1 41 -2.81 -2.66 -2.63 -2.56 -2.54
9.0 -20.9 34 -2.76 -2.72 -2.71 -2.63 -2.51
9.0 -20.7 56 -2.82 -2.72 -2.46 -2.32 -2.32
9.0 -20.5 58 -2.75 -2.75 -2.69 -2.68 -2.61
9.0 -20.3 56 -2.81 -2.76 -2.71 -2.68 -2.55
9.0 -20.1 66 -2.8 -2.73 -2.71 -2.69 -2.63
9.0 -19.9 76 -2.87 -2.84 -2.72 -2.65 -2.63
9.0 -19.7 103 -2.82 -2.81 -2.73 -2.63 -2.51
9.0 -19.5 147 -2.82 -2.79 -2.73 -2.62 -2.55
9.0 -19.3 206 -2.81 -2.73 -2.69 -2.65 -2.56
9.0 -19.1 301 -2.93 -2.82 -2.71 -2.62 -2.54
9.0 -18.9 418 -2.91 -2.84 -2.74 -2.65 -2.59
9.0 -18.7 591 -2.99 -2.9 -2.78 -2.61 -2.49
9.0 -18.5 864 -3.0 -2.92 -2.77 -2.64 -2.52
9.0 -18.3 1263 -3.01 -2.91 -2.81 -2.67 -2.48
8.0 -22.9 26 -2.63 -2.52 -2.36 -2.32 -2.28
8.0 -22.7 36 -2.64 -2.6 -2.5 -2.32 -2.23
8.0 -22.5 43 -2.72 -2.53 -2.25 -2.15 -2.06
8.0 -22.3 46 -2.71 -2.64 -2.62 -2.54 -2.29
8.0 -22.1 52 -2.65 -2.56 -2.33 -2.31 -2.25
8.0 -21.9 35 -2.71 -2.68 -2.5 -2.49 -2.45
8.0 -21.7 49 -2.74 -2.71 -2.66 -2.51 -2.32
8.0 -21.5 72 -2.72 -2.7 -2.59 -2.52 -2.48
8.0 -21.3 68 -2.77 -2.75 -2.54 -2.4 -2.31
8.0 -21.1 64 -2.77 -2.77 -2.69 -2.57 -2.36
8.0 -20.9 66 -2.77 -2.72 -2.57 -2.5 -2.49
8.0 -20.7 82 -2.79 -2.79 -2.77 -2.69 -2.2
8.0 -20.5 90 -2.77 -2.71 -2.67 -2.6 -2.38
8.0 -20.3 109 -2.76 -2.74 -2.68 -2.66 -2.49
8.0 -20.1 138 -2.78 -2.77 -2.69 -2.63 -2.59
8.0 -19.9 149 -2.77 -2.75 -2.65 -2.59 -2.58
8.0 -19.7 218 -2.78 -2.75 -2.66 -2.61 -2.56
8.0 -19.5 276 -2.83 -2.78 -2.67 -2.56 -2.47
8.0 -19.3 392 -2.87 -2.78 -2.66 -2.6 -2.53
8.0 -19.1 508 -2.83 -2.76 -2.67 -2.58 -2.0
8.0 -18.9 644 -2.89 -2.82 -2.69 -2.57 -2.44
8.0 -18.7 789 -2.9 -2.84 -2.74 -2.56 -2.42
8.0 -18.5 1195 -3.03 -2.91 -2.78 -2.61 -2.45
8.0 -18.3 1717 -3.01 -2.91 -2.78 -2.64 -2.45
7.0 -22.9 62 -2.59 -2.45 -2.44 -2.31 -2.19
7.0 -22.7 75 -2.59 -2.47 -2.45 -2.39 -2.19
7.0 -22.5 91 -2.56 -2.55 -2.49 -2.42 -2.21
7.0 -22.3 80 -2.62 -2.54 -2.51 -2.37 -2.25
7.0 -22.1 84 -2.65 -2.6 -2.46 -2.31 -2.23
7.0 -21.9 90 -2.65 -2.55 -2.52 -2.09 -2.04
7.0 -21.7 88 -2.67 -2.64 -2.48 -2.37 -2.35
7.0 -21.5 107 -2.74 -2.7 -2.58 -2.46 -2.33
7.0 -21.3 111 -2.72 -2.72 -2.65 -2.51 -2.41
7.0 -21.1 125 -2.75 -2.74 -2.65 -2.49 -2.2
7.0 -20.9 134 -2.83 -2.76 -2.64 -2.6 -2.51
7.0 -20.7 128 -2.73 -2.7 -2.64 -2.62 -1.97
7.0 -20.5 150 -2.75 -2.72 -2.68 -2.52 -2.23
7.0 -20.3 215 -2.79 -2.71 -2.64 -2.59 -2.54
7.0 -20.1 290 -2.72 -2.67 -2.65 -2.59 -2.51
7.0 -19.9 320 -2.78 -2.72 -2.65 -2.56 -2.52
7.0 -19.7 423 -2.81 -2.72 -2.66 -2.55 -2.46
7.0 -19.5 557 -2.84 -2.73 -2.64 -2.54 -2.42
7.0 -19.3 612 -2.8 -2.75 -2.67 -2.56 -2.43
7.0 -19.1 724 -2.88 -2.77 -2.68 -2.56 -2.44
7.0 -18.9 957 -2.9 -2.81 -2.67 -2.56 -2.42
7.0 -18.7 1303 -2.98 -2.84 -2.69 -2.56 -2.39
7.0 -18.5 1729 -2.99 -2.84 -2.71 -2.55 -2.43
7.0 -18.3 2230 -2.98 -2.88 -2.74 -2.55 -2.4
6.0 -22.9 123 -2.58 -2.51 -2.37 -2.3 -2.19
6.0 -22.7 137 -2.57 -2.55 -2.38 -2.27 -2.19
6.0 -22.5 163 -2.67 -2.54 -2.42 -2.23 -2.16
6.0 -22.3 194 -2.69 -2.65 -2.49 -2.43 -2.09
6.0 -22.1 161 -2.63 -2.57 -2.47 -2.24 -2.16
6.0 -21.9 177 -2.66 -2.59 -2.4 -2.1 -2.04
6.0 -21.7 178 -2.72 -2.64 -2.54 -2.33 -2.03
6.0 -21.5 170 -2.66 -2.65 -2.54 -2.34 -2.18
6.0 -21.3 165 -2.7 -2.64 -2.61 -2.46 -2.22
6.0 -21.1 145 -2.73 -2.66 -2.64 -2.58 -2.41
6.0 -20.9 225 -2.71 -2.67 -2.63 -2.5 -2.39
6.0 -20.7 251 -2.68 -2.66 -2.6 -2.53 -2.49
6.0 -20.5 343 -2.74 -2.7 -2.59 -2.54 -2.45
6.0 -20.3 391 -2.75 -2.69 -2.6 -2.51 -2.45
6.0 -20.1 467 -2.75 -2.7 -2.6 -2.51 -2.41
6.0 -19.9 638 -2.77 -2.68 -2.62 -2.55 -2.47
6.0 -19.7 758 -2.81 -2.71 -2.62 -2.52 -2.33
6.0 -19.5 819 -2.79 -2.7 -2.61 -2.52 -2.43
6.0 -19.3 1085 -2.81 -2.74 -2.63 -2.53 -2.39
6.0 -19.1 1163 -2.84 -2.73 -2.64 -2.49 -2.39
6.0 -18.9 1553 -2.85 -2.75 -2.63 -2.5 -2.29
6.0 -18.7 1802 -2.92 -2.81 -2.65 -2.52 -2.36
6.0 -18.5 2248 -2.98 -2.82 -2.67 -2.52 -2.36
6.0 -18.3 2839 -2.96 -2.83 -2.69 -2.52 -2.32
5.0 -22.9 228 -2.54 -2.48 -2.37 -2.16 -2.06
5.0 -22.7 281 -2.57 -2.47 -2.37 -2.21 -2.03
5.0 -22.5 296 -2.58 -2.52 -2.38 -2.24 -2.01
5.0 -22.3 316 -2.63 -2.53 -2.36 -2.2 -2.08
5.0 -22.1 307 -2.64 -2.52 -2.4 -2.28 -2.05
5.0 -21.9 289 -2.64 -2.56 -2.42 -2.19 -1.99
5.0 -21.7 262 -2.7 -2.62 -2.49 -2.38 -2.18
5.0 -21.5 279 -2.69 -2.65 -2.57 -2.35 -1.88
5.0 -21.3 259 -2.67 -2.66 -2.59 -2.49 -2.12
5.0 -21.1 325 -2.69 -2.64 -2.56 -2.42 -1.93
5.0 -20.9 413 -2.73 -2.67 -2.61 -2.51 -2.42
5.0 -20.7 511 -2.74 -2.66 -2.58 -2.49 -2.39
5.0 -20.5 653 -2.75 -2.69 -2.59 -2.49 -2.41
5.0 -20.3 737 -2.74 -2.65 -2.59 -2.46 -1.66
5.0 -20.1 846 -2.76 -2.68 -2.59 -2.5 -2.36
5.0 -19.9 1025 -2.75 -2.69 -2.6 -2.5 -2.37
5.0 -19.7 1186 -2.77 -2.67 -2.59 -2.47 -2.37
5.0 -19.5 1369 -2.78 -2.7 -2.6 -2.48 -2.38
5.0 -19.3 1605 -2.81 -2.7 -2.59 -2.49 -2.36
5.0 -19.1 1806 -2.82 -2.71 -2.59 -2.47 -2.36
5.0 -18.9 2133 -2.84 -2.72 -2.59 -2.46 -2.34
5.0 -18.7 2466 -2.88 -2.74 -2.61 -2.49 -2.31
5.0 -18.5 2994 -2.92 -2.76 -2.61 -2.47 -2.3
5.0 -18.3 3519 -2.97 -2.82 -2.65 -2.47 -2.26
