flares_data/data/scaling_relations/MFUV/beta.ecsv
# %ECSV 1.0
# ---
# datatype:
# - {name: z, datatype: float64}
# - {name: MFUV, unit: '', datatype: float64, description: rest-frame dust-attenuated far-UV luminosity}
# - {name: N, datatype: int64, description: number of galaxies in bin}
# - {name: beta_P2.2, unit: '', datatype: float64, description: UV continuum slope (\beta)}
# - {name: beta_P15.8, unit: '', datatype: float64, description: UV continuum slope (\beta)}
# - {name: beta_P50.0, unit: '', datatype: float64, description: UV continuum slope (\beta)}
# - {name: beta_P84.2, unit: '', datatype: float64, description: UV continuum slope (\beta)}
# - {name: beta_P97.8, unit: '', datatype: float64, description: UV continuum slope (\beta)}
# meta: !!omap
# - {name: FLARES}
# - references: []
# - percentiles: [2.2, 15.8, 50.0, 84.2, 97.8]
# schema: astropy-2.0
z MFUV N beta_P2.2 beta_P15.8 beta_P50.0 beta_P84.2 beta_P97.8
15.0 -20.3 1 -1.95 -1.95 -1.95 -1.95 -1.95
15.0 -19.7 5 -2.4 -2.34 -2.23 -2.13 -2.06
15.0 -19.5 3 -2.29 -2.29 -2.23 -2.2 -2.2
15.0 -19.3 8 -2.41 -2.41 -2.16 -2.12 -2.12
15.0 -19.1 16 -2.44 -2.42 -2.34 -2.16 -2.09
15.0 -18.9 20 -2.43 -2.35 -2.34 -2.33 -2.32
15.0 -18.7 29 -2.47 -2.46 -2.44 -2.26 -2.24
15.0 -18.5 34 -2.47 -2.38 -2.34 -2.33 -2.31
15.0 -18.3 43 -2.47 -2.47 -2.37 -2.37 -2.3
14.0 -21.3 1 -1.84 -1.84 -1.84 -1.84 -1.84
14.0 -20.9 1 -1.87 -1.87 -1.87 -1.87 -1.87
14.0 -20.5 2 -2.12 -2.12 -1.99 -1.88 -1.88
14.0 -20.3 1 -2.18 -2.18 -2.18 -2.18 -2.18
14.0 -20.1 2 -2.26 -2.26 -2.2 -2.09 -2.09
14.0 -19.9 3 -2.28 -2.28 -2.27 -2.23 -2.23
14.0 -19.7 9 -2.37 -2.26 -2.18 -2.18 -2.05
14.0 -19.5 10 -2.41 -2.39 -2.36 -2.36 -2.2
14.0 -19.3 19 -2.43 -2.36 -2.35 -2.3 -2.13
14.0 -19.1 35 -2.45 -2.42 -2.42 -2.32 -2.13
14.0 -18.9 40 -2.47 -2.43 -2.36 -2.29 -2.22
14.0 -18.7 74 -2.46 -2.44 -2.39 -2.15 -2.12
14.0 -18.5 104 -2.48 -2.46 -2.41 -2.32 -2.26
14.0 -18.3 153 -2.48 -2.43 -2.33 -2.29 -2.24
13.0 -21.3 1 -2.02 -2.02 -2.02 -2.02 -2.02
13.0 -20.9 1 -1.64 -1.64 -1.64 -1.64 -1.64
13.0 -20.7 2 -1.87 -1.87 -1.86 -1.85 -1.85
13.0 -20.5 3 -2.16 -2.15 -2.05 -2.05 -2.05
13.0 -20.3 3 -2.17 -2.17 -2.04 -1.96 -1.96
13.0 -20.1 7 -2.16 -2.09 -2.06 -2.01 -1.85
13.0 -19.9 10 -2.37 -2.35 -2.2 -2.08 -1.95
13.0 -19.7 13 -2.34 -2.31 -2.15 -2.02 -1.96
13.0 -19.5 23 -2.4 -2.39 -2.34 -2.34 -2.06
13.0 -19.3 34 -2.4 -2.4 -2.32 -2.01 -2.01
13.0 -19.1 51 -2.47 -2.44 -2.34 -2.23 -2.22
13.0 -18.9 102 -2.51 -2.44 -2.32 -2.27 -2.23
13.0 -18.7 157 -2.47 -2.46 -2.43 -2.32 -2.22
13.0 -18.5 222 -2.5 -2.47 -2.4 -2.36 -2.29
13.0 -18.3 293 -2.52 -2.46 -2.4 -2.3 -2.02
12.0 -21.3 2 -1.99 -1.95 -1.82 -1.81 -1.81
12.0 -21.1 3 -2.34 -2.04 -2.02 -2.02 -2.02
12.0 -20.9 4 -2.12 -2.11 -1.88 -1.76 -1.76
12.0 -20.5 7 -2.05 -2.02 -2.01 -1.83 -1.75
12.0 -20.3 14 -2.26 -2.0 -1.99 -1.98 -1.8
12.0 -20.1 14 -2.33 -2.13 -2.1 -2.0 -1.81
12.0 -19.9 18 -2.32 -2.31 -2.28 -2.26 -2.03
12.0 -19.7 25 -2.42 -2.37 -2.21 -2.02 -1.9
12.0 -19.5 32 -2.41 -2.15 -2.06 -2.05 -2.0
12.0 -19.3 53 -2.44 -2.4 -2.31 -1.91 -1.84
12.0 -19.1 71 -2.44 -2.4 -2.38 -2.29 -2.27
12.0 -18.9 162 -2.44 -2.41 -2.32 -2.2 -2.12
12.0 -18.7 216 -2.49 -2.44 -2.38 -2.3 -2.19
12.0 -18.5 359 -2.52 -2.46 -2.41 -2.35 -2.27
12.0 -18.3 529 -2.49 -2.46 -2.39 -2.32 -2.2
11.0 -22.5 1 -1.98 -1.98 -1.98 -1.98 -1.98
11.0 -21.7 1 -1.71 -1.71 -1.71 -1.71 -1.71
11.0 -21.5 1 -1.9 -1.9 -1.9 -1.9 -1.9
11.0 -21.3 3 -1.94 -1.93 -1.88 -1.84 -1.84
11.0 -21.1 7 -2.12 -1.98 -1.87 -1.83 -1.82
11.0 -20.9 5 -2.03 -2.02 -1.99 -1.99 -1.59
11.0 -20.7 15 -2.24 -2.07 -1.97 -1.87 -1.64
11.0 -20.5 10 -2.06 -2.03 -2.01 -1.99 -1.85
11.0 -20.3 23 -2.32 -2.22 -2.18 -1.97 -1.8
11.0 -20.1 17 -2.37 -2.08 -1.73 -1.72 -1.72
11.0 -19.9 32 -2.3 -2.27 -1.88 -1.83 -1.79
11.0 -19.7 41 -2.36 -2.17 -2.0 -1.97 -1.63
11.0 -19.5 38 -2.39 -2.33 -2.32 -2.23 -1.9
11.0 -19.3 75 -2.42 -2.41 -2.29 -2.23 -2.01
11.0 -19.1 127 -2.45 -2.39 -2.32 -2.1 -1.97
11.0 -18.9 197 -2.43 -2.41 -2.36 -2.32 -2.13
11.0 -18.7 316 -2.45 -2.43 -2.39 -2.28 -2.08
11.0 -18.5 487 -2.5 -2.44 -2.39 -2.29 -2.15
11.0 -18.3 720 -2.51 -2.46 -2.4 -2.32 -2.21
10.0 -22.7 1 -1.85 -1.85 -1.85 -1.85 -1.85
10.0 -21.9 2 -1.85 -1.85 -1.81 -1.76 -1.76
10.0 -21.7 3 -2.02 -2.02 -1.93 -1.9 -1.9
10.0 -21.5 7 -2.15 -2.07 -1.88 -1.84 -1.82
10.0 -21.3 6 -1.83 -1.81 -1.76 -1.72 -1.72
10.0 -21.1 16 -2.1 -2.05 -2.02 -2.02 -1.85
10.0 -20.9 21 -2.24 -2.24 -2.04 -2.04 -1.82
10.0 -20.7 29 -2.26 -2.22 -2.07 -1.9 -1.66
10.0 -20.5 22 -2.29 -2.1 -1.83 -1.7 -1.61
10.0 -20.3 37 -2.31 -2.18 -1.85 -1.83 -1.79
10.0 -20.1 42 -2.37 -2.21 -1.88 -1.62 -1.6
10.0 -19.9 48 -2.36 -2.35 -2.31 -1.96 -1.54
10.0 -19.7 69 -2.41 -2.38 -2.27 -2.13 -1.84
10.0 -19.5 88 -2.43 -2.36 -2.25 -1.99 -1.86
10.0 -19.3 115 -2.42 -2.42 -2.32 -2.24 -2.18
10.0 -19.1 193 -2.41 -2.37 -2.33 -2.3 -2.19
10.0 -18.9 241 -2.48 -2.43 -2.37 -2.25 -2.14
10.0 -18.7 435 -2.45 -2.41 -2.36 -2.27 -2.2
10.0 -18.5 613 -2.48 -2.43 -2.37 -2.3 -2.18
10.0 -18.3 1008 -2.51 -2.45 -2.39 -2.31 -2.2
9.0 -22.9 1 -1.98 -1.98 -1.98 -1.98 -1.98
9.0 -22.5 4 -1.92 -1.92 -1.9 -1.88 -1.87
9.0 -22.3 2 -1.95 -1.95 -1.91 -1.88 -1.88
9.0 -22.1 3 -2.06 -2.06 -2.03 -1.94 -1.94
9.0 -21.9 5 -2.09 -2.07 -1.98 -1.92 -1.91
9.0 -21.7 9 -2.22 -1.92 -1.87 -1.83 -1.75
9.0 -21.5 10 -2.28 -2.25 -2.05 -1.99 -1.92
9.0 -21.3 20 -2.27 -2.24 -1.97 -1.86 -1.74
9.0 -21.1 27 -2.16 -2.04 -1.84 -1.74 -1.73
9.0 -20.9 54 -2.11 -1.87 -1.69 -1.64 -1.57
9.0 -20.7 46 -2.24 -2.11 -2.04 -1.86 -1.75
9.0 -20.5 61 -2.3 -2.24 -2.22 -2.08 -1.71
9.0 -20.3 70 -2.31 -2.24 -2.07 -1.9 -1.85
9.0 -20.1 79 -2.37 -2.34 -2.16 -1.96 -1.76
9.0 -19.9 94 -2.35 -2.35 -2.13 -1.8 -1.69
9.0 -19.7 113 -2.38 -2.37 -2.26 -2.23 -1.52
9.0 -19.5 143 -2.4 -2.33 -2.24 -2.05 -1.9
9.0 -19.3 214 -2.4 -2.35 -2.32 -2.21 -2.13
9.0 -19.1 253 -2.43 -2.41 -2.31 -2.23 -2.16
9.0 -18.9 455 -2.47 -2.41 -2.36 -2.27 -2.16
9.0 -18.7 616 -2.49 -2.42 -2.36 -2.27 -2.23
9.0 -18.5 958 -2.51 -2.43 -2.36 -2.27 -2.18
9.0 -18.3 1281 -2.49 -2.44 -2.37 -2.28 -2.18
8.0 -22.9 1 -2.12 -2.12 -2.12 -2.12 -2.12
8.0 -22.5 10 -2.15 -1.96 -1.96 -1.93 -1.83
8.0 -22.3 7 -2.03 -2.03 -1.93 -1.78 -1.69
8.0 -22.1 16 -2.05 -2.01 -2.0 -1.78 -1.69
8.0 -21.9 16 -2.06 -1.99 -1.93 -1.83 -1.46
8.0 -21.7 22 -2.19 -2.15 -2.09 -1.86 -1.71
8.0 -21.5 32 -2.15 -2.12 -2.04 -1.87 -1.75
8.0 -21.3 47 -2.26 -2.09 -2.0 -1.86 -1.8
8.0 -21.1 45 -2.25 -2.11 -2.01 -1.95 -1.81
8.0 -20.9 72 -2.32 -2.22 -2.13 -1.8 -1.56
8.0 -20.7 111 -2.29 -2.08 -2.04 -1.75 -1.73
8.0 -20.5 112 -2.37 -2.18 -1.95 -1.73 -1.45
8.0 -20.3 130 -2.29 -2.28 -2.12 -1.84 -1.71
8.0 -20.1 163 -2.34 -2.3 -2.14 -1.93 -1.66
8.0 -19.9 164 -2.35 -2.26 -2.21 -1.91 -1.68
8.0 -19.7 188 -2.36 -2.32 -2.26 -2.06 -2.03
8.0 -19.5 278 -2.38 -2.32 -2.25 -2.1 -1.6
8.0 -19.3 366 -2.4 -2.34 -2.26 -2.19 -2.08
8.0 -19.1 476 -2.44 -2.38 -2.29 -2.2 -2.07
8.0 -18.9 652 -2.47 -2.4 -2.33 -2.23 -2.03
8.0 -18.7 884 -2.47 -2.42 -2.33 -2.24 -2.15
8.0 -18.5 1268 -2.49 -2.42 -2.35 -2.26 -2.17
8.0 -18.3 1702 -2.51 -2.45 -2.38 -2.28 -2.15
7.0 -22.9 5 -2.14 -2.06 -1.94 -1.92 -1.92
7.0 -22.7 9 -2.1 -2.07 -1.94 -1.89 -1.88
7.0 -22.5 9 -2.09 -2.08 -1.97 -1.77 -1.57
7.0 -22.3 16 -2.04 -1.96 -1.93 -1.88 -1.81
7.0 -22.1 15 -2.11 -1.97 -1.95 -1.94 -1.82
7.0 -21.9 26 -2.13 -2.05 -1.95 -1.87 -1.79
7.0 -21.7 43 -2.18 -1.96 -1.89 -1.74 -1.73
7.0 -21.5 78 -2.06 -2.0 -1.94 -1.79 -1.78
7.0 -21.3 90 -2.15 -1.98 -1.9 -1.77 -1.67
7.0 -21.1 121 -2.08 -2.01 -1.84 -1.78 -1.64
7.0 -20.9 147 -2.2 -2.01 -1.9 -1.77 -1.64
7.0 -20.7 194 -2.27 -2.11 -1.99 -1.79 -1.72
7.0 -20.5 248 -2.31 -2.13 -1.93 -1.81 -1.68
7.0 -20.3 242 -2.35 -2.23 -2.12 -1.84 -1.55
7.0 -20.1 285 -2.32 -2.29 -2.2 -2.01 -1.75
7.0 -19.9 349 -2.38 -2.3 -2.18 -2.08 -1.56
7.0 -19.7 388 -2.33 -2.27 -2.22 -2.14 -1.64
7.0 -19.5 489 -2.41 -2.3 -2.23 -2.1 -1.48
7.0 -19.3 620 -2.42 -2.36 -2.25 -2.15 -2.05
7.0 -19.1 751 -2.42 -2.35 -2.26 -2.16 -2.09
7.0 -18.9 882 -2.45 -2.39 -2.3 -2.19 -2.11
7.0 -18.7 1289 -2.47 -2.4 -2.32 -2.22 -2.09
7.0 -18.5 1704 -2.49 -2.42 -2.33 -2.22 -2.07
7.0 -18.3 2304 -2.47 -2.42 -2.34 -2.23 -2.11
6.0 -22.9 10 -2.19 -2.13 -2.04 -2.03 -1.75
6.0 -22.7 10 -2.11 -2.11 -1.96 -1.88 -1.82
6.0 -22.5 17 -2.11 -2.07 -1.98 -1.91 -1.79
6.0 -22.3 30 -2.11 -2.08 -1.93 -1.89 -1.77
6.0 -22.1 48 -2.09 -2.01 -1.94 -1.83 -1.79
6.0 -21.9 74 -2.11 -1.98 -1.85 -1.83 -1.69
6.0 -21.7 97 -2.15 -2.11 -2.01 -1.88 -1.77
6.0 -21.5 139 -2.33 -2.13 -1.95 -1.8 -1.75
6.0 -21.3 199 -2.19 -2.03 -1.95 -1.83 -1.65
6.0 -21.1 197 -2.25 -2.19 -1.88 -1.83 -1.75
6.0 -20.9 301 -2.18 -2.13 -1.88 -1.79 -1.61
6.0 -20.7 338 -2.3 -2.18 -1.88 -1.81 -1.63
6.0 -20.5 398 -2.25 -2.14 -1.99 -1.77 -1.64
6.0 -20.3 467 -2.32 -2.24 -2.14 -1.75 -1.56
6.0 -20.1 491 -2.3 -2.21 -2.11 -1.88 -1.55
6.0 -19.9 560 -2.33 -2.24 -2.15 -1.99 -1.75
6.0 -19.7 721 -2.31 -2.27 -2.19 -2.02 -1.6
6.0 -19.5 794 -2.34 -2.28 -2.2 -2.12 -1.97
6.0 -19.3 976 -2.38 -2.32 -2.24 -2.11 -1.96
6.0 -19.1 1134 -2.41 -2.31 -2.24 -2.13 -1.99
6.0 -18.9 1478 -2.42 -2.35 -2.25 -2.14 -2.02
6.0 -18.7 1680 -2.43 -2.36 -2.27 -2.16 -2.06
6.0 -18.5 2263 -2.47 -2.4 -2.3 -2.18 -2.02
6.0 -18.3 2765 -2.47 -2.4 -2.31 -2.18 -2.05
5.0 -22.9 14 -2.15 -2.09 -1.99 -1.92 -1.82
5.0 -22.7 23 -2.08 -1.99 -1.79 -1.75 -1.73
5.0 -22.5 49 -2.19 -2.06 -1.96 -1.94 -1.8
5.0 -22.3 50 -2.09 -2.02 -1.67 -1.64 -1.64
5.0 -22.1 89 -2.07 -2.02 -1.97 -1.93 -1.74
5.0 -21.9 123 -2.06 -2.06 -1.99 -1.9 -1.75
5.0 -21.7 168 -2.12 -2.0 -1.91 -1.89 -1.76
5.0 -21.5 234 -2.1 -2.0 -1.88 -1.81 -1.74
5.0 -21.3 282 -2.2 -2.02 -1.95 -1.77 -1.59
5.0 -21.1 366 -2.2 -2.12 -1.91 -1.79 -1.71
5.0 -20.9 501 -2.28 -2.15 -1.92 -1.78 -1.55
5.0 -20.7 606 -2.25 -2.17 -1.89 -1.74 -1.59
5.0 -20.5 738 -2.29 -2.19 -1.91 -1.75 -1.54
5.0 -20.3 787 -2.27 -2.18 -2.07 -1.82 -1.65
5.0 -20.1 914 -2.31 -2.22 -2.09 -1.73 -1.53
5.0 -19.9 982 -2.3 -2.23 -2.1 -1.94 -1.53
5.0 -19.7 1062 -2.32 -2.24 -2.14 -2.03 -1.62
5.0 -19.5 1293 -2.34 -2.25 -2.16 -2.04 -1.68
5.0 -19.3 1507 -2.34 -2.27 -2.16 -2.05 -1.89
5.0 -19.1 1676 -2.4 -2.28 -2.18 -2.06 -1.91
5.0 -18.9 2000 -2.39 -2.31 -2.2 -2.08 -1.96
5.0 -18.7 2373 -2.41 -2.33 -2.21 -2.1 -1.98
5.0 -18.5 2790 -2.44 -2.36 -2.24 -2.11 -1.97
5.0 -18.3 3366 -2.46 -2.37 -2.25 -2.1 -1.95
